3.71570000E+00	1.75920000E-01	1.08440000E-03	1.34880000E+03	2.70150000E-02	
4.06670000E+00	1.75300000E-01	1.05740000E-03	1.34800000E+03	2.68180000E-02	
4.44540000E+00	1.74680000E-01	1.03110000E-03	1.34740000E+03	2.66220000E-02	
4.85370000E+00	1.74050000E-01	1.00570000E-03	1.34680000E+03	2.64270000E-02	
5.29330000E+00	1.73420000E-01	9.81120000E-04	1.34630000E+03	2.62310000E-02	
5.76600000E+00	1.72790000E-01	9.57260000E-04	1.34580000E+03	2.60360000E-02	
6.27400000E+00	1.72160000E-01	9.34120000E-04	1.34540000E+03	2.58410000E-02	
6.81910000E+00	1.71520000E-01	9.11680000E-04	1.34500000E+03	2.56470000E-02	
7.40360000E+00	1.70880000E-01	8.89920000E-04	1.34470000E+03	2.54520000E-02	
8.02960000E+00	1.70240000E-01	8.68810000E-04	1.34450000E+03	2.52580000E-02	
8.69950000E+00	1.69590000E-01	8.48340000E-04	1.34430000E+03	2.50650000E-02	
9.41560000E+00	1.68940000E-01	8.28480000E-04	1.34420000E+03	2.48710000E-02	
1.01800000E+01	1.68290000E-01	8.09200000E-04	1.34410000E+03	2.46780000E-02	
1.09960000E+01	1.67640000E-01	7.90500000E-04	1.34400000E+03	2.44860000E-02	
1.18660000E+01	1.66980000E-01	7.72350000E-04	1.34410000E+03	2.42930000E-02	
1.27930000E+01	1.66330000E-01	7.54730000E-04	1.34410000E+03	2.41010000E-02	
1.37790000E+01	1.65670000E-01	7.37620000E-04	1.34420000E+03	2.39090000E-02	
1.48270000E+01	1.65010000E-01	7.21010000E-04	1.34440000E+03	2.37170000E-02	
1.59410000E+01	1.64350000E-01	7.04890000E-04	1.34450000E+03	2.35260000E-02	
1.71230000E+01	1.63680000E-01	6.89220000E-04	1.34480000E+03	2.33350000E-02	
1.83770000E+01	1.63020000E-01	6.74010000E-04	1.34510000E+03	2.31440000E-02	
1.97060000E+01	1.62350000E-01	6.59230000E-04	1.34540000E+03	2.29540000E-02	
2.11130000E+01	1.61680000E-01	6.44880000E-04	1.34570000E+03	2.27640000E-02	
2.26020000E+01	1.61010000E-01	6.30930000E-04	1.34610000E+03	2.25740000E-02	
2.41760000E+01	1.60350000E-01	6.17370000E-04	1.34660000E+03	2.23850000E-02	
2.58390000E+01	1.59680000E-01	6.04200000E-04	1.34710000E+03	2.21960000E-02	
2.75950000E+01	1.59010000E-01	5.91390000E-04	1.34760000E+03	2.20070000E-02	
2.94470000E+01	1.58340000E-01	5.78940000E-04	1.34820000E+03	2.18190000E-02	
3.14000000E+01	1.57660000E-01	5.66840000E-04	1.34880000E+03	2.16300000E-02	
3.34580000E+01	1.56990000E-01	5.55070000E-04	1.34940000E+03	2.14430000E-02	
3.56240000E+01	1.56320000E-01	5.43620000E-04	1.35010000E+03	2.12550000E-02	
3.79030000E+01	1.55640000E-01	5.32490000E-04	1.35080000E+03	2.10680000E-02	
4.03000000E+01	1.54960000E-01	5.21660000E-04	1.35160000E+03	2.08810000E-02	
4.28180000E+01	1.54290000E-01	5.11120000E-04	1.35230000E+03	2.06950000E-02	
4.54620000E+01	1.53610000E-01	5.00870000E-04	1.35320000E+03	2.05080000E-02	
4.82370000E+01	1.52930000E-01	4.90890000E-04	1.35410000E+03	2.03230000E-02	
5.11480000E+01	1.52250000E-01	4.81180000E-04	1.35500000E+03	2.01370000E-02	
5.41990000E+01	1.51570000E-01	4.71730000E-04	1.35590000E+03	1.99520000E-02	
5.73950000E+01	1.50890000E-01	4.62530000E-04	1.35690000E+03	1.97670000E-02	
6.07420000E+01	1.50210000E-01	4.53570000E-04	1.35790000E+03	1.95830000E-02	
6.42440000E+01	1.49530000E-01	4.44850000E-04	1.35900000E+03	1.93980000E-02	
6.79060000E+01	1.48850000E-01	4.36350000E-04	1.36010000E+03	1.92150000E-02	
7.17330000E+01	1.48170000E-01	4.28070000E-04	1.36120000E+03	1.90310000E-02	
7.57320000E+01	1.47490000E-01	4.20010000E-04	1.36240000E+03	1.88480000E-02	
7.99080000E+01	1.46810000E-01	4.12160000E-04	1.36360000E+03	1.86650000E-02	
8.42650000E+01	1.46130000E-01	4.04500000E-04	1.36490000E+03	1.84830000E-02	
8.88100000E+01	1.45450000E-01	3.97040000E-04	1.36620000E+03	1.83010000E-02	
9.35480000E+01	1.44770000E-01	3.89770000E-04	1.36750000E+03	1.81190000E-02	
9.84860000E+01	1.44090000E-01	3.82680000E-04	1.36890000E+03	1.79380000E-02	
1.03630000E+02	1.43410000E-01	3.75770000E-04	1.37030000E+03	1.77570000E-02	
1.08980000E+02	1.42730000E-01	3.69040000E-04	1.37180000E+03	1.75760000E-02	
1.14550000E+02	1.42050000E-01	3.62460000E-04	1.37330000E+03	1.73960000E-02	
1.20350000E+02	1.41370000E-01	3.56050000E-04	1.37480000E+03	1.72160000E-02	
1.26370000E+02	1.40690000E-01	3.49800000E-04	1.37640000E+03	1.70370000E-02	
1.32630000E+02	1.40010000E-01	3.43700000E-04	1.37800000E+03	1.68570000E-02	
1.39130000E+02	1.39330000E-01	3.37740000E-04	1.37970000E+03	1.66790000E-02	
1.45880000E+02	1.38660000E-01	3.31930000E-04	1.38140000E+03	1.65000000E-02	
1.52880000E+02	1.37980000E-01	3.26260000E-04	1.38320000E+03	1.63220000E-02	
1.60150000E+02	1.37310000E-01	3.20720000E-04	1.38500000E+03	1.61450000E-02	
1.67690000E+02	1.36630000E-01	3.15320000E-04	1.38690000E+03	1.59670000E-02	
1.75500000E+02	1.35960000E-01	3.10040000E-04	1.38880000E+03	1.57910000E-02	
1.83590000E+02	1.35280000E-01	3.04880000E-04	1.39070000E+03	1.56140000E-02	
1.91970000E+02	1.34610000E-01	2.99840000E-04	1.39270000E+03	1.54380000E-02	
2.00650000E+02	1.33940000E-01	2.94920000E-04	1.39480000E+03	1.52620000E-02	
2.09630000E+02	1.33270000E-01	2.90110000E-04	1.39690000E+03	1.50870000E-02	
2.18920000E+02	1.32600000E-01	2.85410000E-04	1.39900000E+03	1.49120000E-02	
2.28530000E+02	1.31930000E-01	2.80820000E-04	1.40120000E+03	1.47380000E-02	
2.38470000E+02	1.31260000E-01	2.76330000E-04	1.40350000E+03	1.45640000E-02	
2.48740000E+02	1.30590000E-01	2.71940000E-04	1.40580000E+03	1.43900000E-02	
2.59340000E+02	1.29930000E-01	2.67640000E-04	1.40820000E+03	1.42170000E-02	
2.70300000E+02	1.29260000E-01	2.63440000E-04	1.41070000E+03	1.40440000E-02	
2.81610000E+02	1.28600000E-01	2.59330000E-04	1.41310000E+03	1.38720000E-02	
2.93280000E+02	1.27930000E-01	2.55310000E-04	1.41570000E+03	1.37000000E-02	
3.05320000E+02	1.27270000E-01	2.51380000E-04	1.41830000E+03	1.35280000E-02	
3.17740000E+02	1.26610000E-01	2.47530000E-04	1.42100000E+03	1.33570000E-02	
3.30550000E+02	1.25950000E-01	2.43760000E-04	1.42370000E+03	1.31860000E-02	
3.43750000E+02	1.25290000E-01	2.40070000E-04	1.42660000E+03	1.30160000E-02	
3.57350000E+02	1.24630000E-01	2.36460000E-04	1.42940000E+03	1.28460000E-02	
3.71370000E+02	1.23980000E-01	2.32920000E-04	1.43240000E+03	1.26770000E-02	
3.85800000E+02	1.23320000E-01	2.29450000E-04	1.43540000E+03	1.25080000E-02	
4.00660000E+02	1.22670000E-01	2.26050000E-04	1.43850000E+03	1.23400000E-02	
4.15950000E+02	1.22010000E-01	2.22720000E-04	1.44170000E+03	1.21720000E-02	
4.31690000E+02	1.21360000E-01	2.19460000E-04	1.44490000E+03	1.20040000E-02	
4.47880000E+02	1.20710000E-01	2.16260000E-04	1.44830000E+03	1.18370000E-02	
4.64530000E+02	1.20060000E-01	2.13120000E-04	1.45170000E+03	1.16700000E-02	
4.81650000E+02	1.19410000E-01	2.10050000E-04	1.45520000E+03	1.15040000E-02	
4.99240000E+02	1.18770000E-01	2.07030000E-04	1.45870000E+03	1.13380000E-02	
5.17330000E+02	1.18120000E-01	2.04070000E-04	1.46240000E+03	1.11730000E-02	
5.35900000E+02	1.17480000E-01	2.01170000E-04	1.46620000E+03	1.10080000E-02	
5.54980000E+02	1.16830000E-01	1.98320000E-04	1.47000000E+03	1.08440000E-02	
5.74580000E+02	1.16190000E-01	1.95520000E-04	1.47400000E+03	1.06800000E-02	
5.94690000E+02	1.15550000E-01	1.92770000E-04	1.47800000E+03	1.05170000E-02	
6.15340000E+02	1.14910000E-01	1.90080000E-04	1.48220000E+03	1.03540000E-02	
6.36520000E+02	1.14270000E-01	1.87430000E-04	1.48640000E+03	1.01920000E-02	
6.58260000E+02	1.13640000E-01	1.84830000E-04	1.49080000E+03	1.00300000E-02	
6.80550000E+02	1.13000000E-01	1.82270000E-04	1.49520000E+03	9.86920000E-03	
7.03410000E+02	1.12370000E-01	1.79760000E-04	1.49980000E+03	9.70840000E-03	
7.26840000E+02	1.11740000E-01	1.77290000E-04	1.50450000E+03	9.54820000E-03	
7.50860000E+02	1.11110000E-01	1.74860000E-04	1.50940000E+03	9.38850000E-03	
7.75480000E+02	1.10480000E-01	1.72470000E-04	1.51430000E+03	9.22940000E-03	
8.00700000E+02	1.09850000E-01	1.70120000E-04	1.51940000E+03	9.07080000E-03	
8.26540000E+02	1.09220000E-01	1.67810000E-04	1.52470000E+03	8.91270000E-03	
8.53000000E+02	1.08590000E-01	1.65540000E-04	1.53000000E+03	8.75520000E-03	
8.80100000E+02	1.07970000E-01	1.63300000E-04	1.53550000E+03	8.59830000E-03	
9.07840000E+02	1.07340000E-01	1.61100000E-04	1.54120000E+03	8.44190000E-03	
9.36230000E+02	1.06720000E-01	1.58930000E-04	1.54700000E+03	8.28610000E-03	
9.65290000E+02	1.06100000E-01	1.56790000E-04	1.55300000E+03	8.13090000E-03	
9.95020000E+02	1.05480000E-01	1.54690000E-04	1.55920000E+03	7.97620000E-03	
1.02540000E+03	1.04860000E-01	1.52620000E-04	1.56550000E+03	7.82210000E-03	
1.05650000E+03	1.04250000E-01	1.50570000E-04	1.57200000E+03	7.66870000E-03	
1.08840000E+03	1.03630000E-01	1.48560000E-04	1.57870000E+03	7.51580000E-03	
1.12090000E+03	1.03010000E-01	1.46580000E-04	1.58560000E+03	7.36350000E-03	
1.15410000E+03	1.02400000E-01	1.44620000E-04	1.59270000E+03	7.21190000E-03	
1.18810000E+03	1.01790000E-01	1.42690000E-04	1.60000000E+03	7.06090000E-03	
1.22290000E+03	1.01180000E-01	1.40780000E-04	1.60750000E+03	6.91050000E-03	
1.25840000E+03	1.00570000E-01	1.38900000E-04	1.61520000E+03	6.76080000E-03	
1.29460000E+03	9.99580000E-02	1.37050000E-04	1.62320000E+03	6.61170000E-03	
1.33170000E+03	9.93500000E-02	1.35220000E-04	1.63150000E+03	6.46330000E-03	
1.36950000E+03	9.87430000E-02	1.33410000E-04	1.64000000E+03	6.31550000E-03	
1.40820000E+03	9.81380000E-02	1.31620000E-04	1.64880000E+03	6.16840000E-03	
1.44760000E+03	9.75330000E-02	1.29860000E-04	1.65790000E+03	6.02200000E-03	
1.48790000E+03	9.69300000E-02	1.28110000E-04	1.66730000E+03	5.87640000E-03	
1.52900000E+03	9.63280000E-02	1.26390000E-04	1.67700000E+03	5.73140000E-03	
1.57090000E+03	9.57260000E-02	1.24680000E-04	1.68700000E+03	5.58710000E-03	
1.61380000E+03	9.51260000E-02	1.23000000E-04	1.69740000E+03	5.44360000E-03	
1.65740000E+03	9.45270000E-02	1.21330000E-04	1.70820000E+03	5.30080000E-03	
1.70200000E+03	9.39290000E-02	1.19680000E-04	1.71940000E+03	5.15870000E-03	
1.74750000E+03	9.33320000E-02	1.18050000E-04	1.73100000E+03	5.01750000E-03	
1.79380000E+03	9.27360000E-02	1.16430000E-04	1.74310000E+03	4.87700000E-03	
1.84110000E+03	9.21410000E-02	1.14830000E-04	1.75560000E+03	4.73730000E-03	
1.88930000E+03	9.15470000E-02	1.13240000E-04	1.76870000E+03	4.59840000E-03	
1.93850000E+03	9.09550000E-02	1.11670000E-04	1.78230000E+03	4.46030000E-03	
1.98860000E+03	9.03630000E-02	1.10110000E-04	1.79660000E+03	4.32310000E-03	
2.03970000E+03	8.97720000E-02	1.08570000E-04	1.81140000E+03	4.18670000E-03	
2.09180000E+03	8.91830000E-02	1.07040000E-04	1.82700000E+03	4.05120000E-03	
2.14490000E+03	8.85940000E-02	1.05520000E-04	1.84330000E+03	3.91660000E-03	
2.19890000E+03	8.80070000E-02	1.04010000E-04	1.86050000E+03	3.78290000E-03	
2.25400000E+03	8.74200000E-02	1.02510000E-04	1.87850000E+03	3.65010000E-03	
2.31020000E+03	8.68350000E-02	1.01020000E-04	1.89760000E+03	3.51820000E-03	
2.36740000E+03	8.62500000E-02	9.95450000E-05	1.91760000E+03	3.38740000E-03	
2.42560000E+03	8.56670000E-02	9.80760000E-05	1.93890000E+03	3.25750000E-03	
2.48500000E+03	8.50850000E-02	9.66140000E-05	1.96150000E+03	3.12860000E-03	
2.54540000E+03	8.45040000E-02	9.51610000E-05	1.98550000E+03	3.00070000E-03	
2.60700000E+03	8.39240000E-02	9.37130000E-05	2.01120000E+03	2.87400000E-03	
2.66970000E+03	8.33450000E-02	9.22710000E-05	2.03860000E+03	2.74830000E-03	
2.73350000E+03	8.27680000E-02	9.08340000E-05	2.06800000E+03	2.62370000E-03	
2.79850000E+03	8.21920000E-02	8.94000000E-05	2.09970000E+03	2.50030000E-03	
2.86470000E+03	8.16170000E-02	8.79690000E-05	2.13400000E+03	2.37810000E-03	
2.93210000E+03	8.10440000E-02	8.65390000E-05	2.17120000E+03	2.25710000E-03	
3.00070000E+03	8.04720000E-02	8.51090000E-05	2.21170000E+03	2.13740000E-03	
3.07060000E+03	7.99020000E-02	8.36780000E-05	2.25600000E+03	2.01900000E-03	
3.14170000E+03	7.93340000E-02	8.22440000E-05	2.30480000E+03	1.90190000E-03	
3.21400000E+03	7.87690000E-02	8.08050000E-05	2.35870000E+03	1.78620000E-03	
3.28770000E+03	7.82060000E-02	7.93600000E-05	2.41870000E+03	1.67200000E-03	
3.36270000E+03	7.76470000E-02	7.79050000E-05	2.48580000E+03	1.55930000E-03	
3.43910000E+03	7.70920000E-02	7.64380000E-05	2.56160000E+03	1.44820000E-03	
3.51680000E+03	7.65430000E-02	7.49560000E-05	2.64760000E+03	1.33880000E-03	
3.59590000E+03	7.60000000E-02	7.34560000E-05	2.74630000E+03	1.23110000E-03	
3.67640000E+03	7.54680000E-02	7.19330000E-05	2.86050000E+03	1.12520000E-03	
3.75840000E+03	7.49480000E-02	7.03820000E-05	2.99440000E+03	1.02120000E-03	
3.84180000E+03	7.44470000E-02	6.87970000E-05	3.15330000E+03	9.19320000E-04	
3.88410000E+03	7.42050000E-02	6.79900000E-05	3.24450000E+03	8.69180000E-04	
3.92680000E+03	7.39700000E-02	6.71710000E-05	3.34500000E+03	8.19600000E-04	
3.96990000E+03	7.37450000E-02	6.63400000E-05	3.45650000E+03	7.70610000E-04	
4.01330000E+03	7.35300000E-02	6.54940000E-05	3.58070000E+03	7.22220000E-04	
4.05710000E+03	7.33280000E-02	6.46330000E-05	3.72000000E+03	6.74470000E-04	
4.10140000E+03	7.31410000E-02	6.37540000E-05	3.87730000E+03	6.27370000E-04	
4.14600000E+03	7.29730000E-02	6.28560000E-05	4.05630000E+03	5.80960000E-04	
4.19110000E+03	7.28280000E-02	6.19360000E-05	4.26170000E+03	5.35270000E-04	
4.23650000E+03	7.27090000E-02	6.09910000E-05	4.49980000E+03	4.90340000E-04	
4.28240000E+03	7.26240000E-02	6.00170000E-05	4.77920000E+03	4.46210000E-04	
4.32870000E+03	7.25800000E-02	5.90120000E-05	5.11140000E+03	4.02920000E-04	
4.37540000E+03	7.25860000E-02	5.79680000E-05	5.51290000E+03	3.60530000E-04	
4.42260000E+03	7.26550000E-02	5.68800000E-05	6.00780000E+03	3.19110000E-04	
4.47020000E+03	7.28040000E-02	5.57390000E-05	6.63260000E+03	2.78720000E-04	
4.51830000E+03	7.30580000E-02	5.45330000E-05	7.44560000E+03	2.39450000E-04	
4.56680000E+03	7.34570000E-02	5.32460000E-05	8.54490000E+03	2.01430000E-04	
4.61570000E+03	7.40670000E-02	5.18540000E-05	1.01090000E+04	1.64770000E-04	
4.63540000E+03	7.43950000E-02	5.12600000E-05	1.09350000E+04	1.50530000E-04	
4.65520000E+03	7.17930000E-02	4.81680000E-05	1.19240000E+04	1.36550000E-04	
4.67510000E+03	7.23000000E-02	4.75290000E-05	1.31300000E+04	1.22850000E-04	
4.69500000E+03	7.29230000E-02	4.68580000E-05	1.46270000E+04	1.09440000E-04	
4.71500000E+03	7.37010000E-02	4.61460000E-05	1.65300000E+04	9.63500000E-05	
4.73510000E+03	7.46890000E-02	4.53870000E-05	1.90150000E+04	8.36020000E-05	
4.75520000E+03	7.59750000E-02	4.45680000E-05	2.23720000E+04	7.12290000E-05	
4.77550000E+03	7.76960000E-02	4.36740000E-05	2.71060000E+04	5.92660000E-05	
4.79570000E+03	8.00910000E-02	4.26800000E-05	3.41500000E+04	4.77640000E-05	
4.81600000E+03	8.35860000E-02	4.15510000E-05	4.53830000E+04	3.67870000E-05	
4.83640000E+03	8.90080000E-02	4.02280000E-05	6.49770000E+04	2.64270000E-05	
4.85670000E+03	9.80990000E-02	3.86170000E-05	1.03370000E+05	1.68220000E-05	
4.87700000E+03	1.15380000E-01	3.65560000E-05	1.93620000E+05	8.22400000E-06	
4.87910000E+03	1.18020000E-01	3.63150000E-05	2.09280000E+05	7.43650000E-06	
4.88110000E+03	1.20940000E-01	3.60640000E-05	2.27230000E+05	6.66520000E-06	
4.88310000E+03	1.24190000E-01	3.58050000E-05	2.47890000E+05	5.91110000E-06	
4.88510000E+03	1.27900000E-01	3.55340000E-05	2.72320000E+05	5.17550000E-06	
4.88710000E+03	1.32100000E-01	3.52520000E-05	3.01210000E+05	4.46010000E-06	
4.88910000E+03	1.37000000E-01	3.49540000E-05	3.36560000E+05	3.76660000E-06	
4.89110000E+03	1.42830000E-01	3.46390000E-05	3.80730000E+05	3.09760000E-06	
4.89310000E+03	1.49900000E-01	3.42990000E-05	4.37690000E+05	2.45600000E-06	
4.89510000E+03	1.58930000E-01	3.39250000E-05	5.15620000E+05	1.84610000E-06	
4.89710000E+03	1.70650000E-01	3.35040000E-05	6.25310000E+05	1.27390000E-06	
4.89880000E+03	2.50110000E-01	3.17630000E-05	1.62630000E+06	7.49320000E-07	
4.90090000E+03	2.20290000E-01	3.19680000E-05	1.18580000E+06	2.91650000E-07	
4.90100000E+03	2.20010000E-01	3.19390000E-05	1.18080000E+06	2.71220000E-07	
4.90110000E+03	2.19660000E-01	3.19100000E-05	1.17470000E+06	2.51080000E-07