3.72000000E+00	0.00000000E+00	2.70120000E-02	
3.72080000E+00	1.00000000E-01	2.69710000E-02	
3.72100000E+00	2.00000000E-01	2.69280000E-02	
3.72090000E+00	3.00000000E-01	2.68840000E-02	
3.72070000E+00	4.00000000E-01	2.68400000E-02	
3.72050000E+00	5.00000000E-01	2.67940000E-02	
3.72020000E+00	6.00000000E-01	2.67470000E-02	
3.72010000E+00	7.00000000E-01	2.66990000E-02	
3.72040000E+00	8.00000000E-01	2.66510000E-02	
3.72000000E+00	9.00000000E-01	2.66010000E-02	
3.72000000E+00	1.00000000E+00	2.65500000E-02	
4.07000000E+00	0.00000000E+00	2.68170000E-02	
4.07090000E+00	1.00000000E-01	2.67760000E-02	
4.07090000E+00	2.00000000E-01	2.67340000E-02	
4.07090000E+00	3.00000000E-01	2.66920000E-02	
4.07070000E+00	4.00000000E-01	2.66480000E-02	
4.07050000E+00	5.00000000E-01	2.66030000E-02	
4.07020000E+00	6.00000000E-01	2.65570000E-02	
4.07010000E+00	7.00000000E-01	2.65100000E-02	
4.07040000E+00	8.00000000E-01	2.64630000E-02	
4.07000000E+00	9.00000000E-01	2.64140000E-02	
4.07000000E+00	1.00000000E+00	2.63640000E-02	
4.45000000E+00	0.00000000E+00	2.66200000E-02	
4.45070000E+00	1.00000000E-01	2.65800000E-02	
4.45080000E+00	2.00000000E-01	2.65390000E-02	
4.45090000E+00	3.00000000E-01	2.64980000E-02	
4.45060000E+00	4.00000000E-01	2.64550000E-02	
4.45050000E+00	5.00000000E-01	2.64110000E-02	
4.45030000E+00	6.00000000E-01	2.63660000E-02	
4.45010000E+00	7.00000000E-01	2.63200000E-02	
4.45040000E+00	8.00000000E-01	2.62730000E-02	
4.45000000E+00	9.00000000E-01	2.62260000E-02	
4.45000000E+00	1.00000000E+00	2.61770000E-02	
4.85000000E+00	0.00000000E+00	2.64280000E-02	
4.85070000E+00	1.00000000E-01	2.63890000E-02	
4.85090000E+00	2.00000000E-01	2.63490000E-02	
4.85090000E+00	3.00000000E-01	2.63080000E-02	
4.85080000E+00	4.00000000E-01	2.62660000E-02	
4.85050000E+00	5.00000000E-01	2.62230000E-02	
4.85020000E+00	6.00000000E-01	2.61790000E-02	
4.85010000E+00	7.00000000E-01	2.61350000E-02	
4.85040000E+00	8.00000000E-01	2.60890000E-02	
4.85000000E+00	9.00000000E-01	2.60420000E-02	
4.85000000E+00	1.00000000E+00	2.59940000E-02	
5.29000000E+00	0.00000000E+00	2.62330000E-02	
5.29070000E+00	1.00000000E-01	2.61940000E-02	
5.29090000E+00	2.00000000E-01	2.61550000E-02	
5.29090000E+00	3.00000000E-01	2.61150000E-02	
5.29070000E+00	4.00000000E-01	2.60740000E-02	
5.29050000E+00	5.00000000E-01	2.60320000E-02	
5.29020000E+00	6.00000000E-01	2.59890000E-02	
5.29010000E+00	7.00000000E-01	2.59450000E-02	
5.29040000E+00	8.00000000E-01	2.59000000E-02	
5.29000000E+00	9.00000000E-01	2.58540000E-02	
5.29000000E+00	1.00000000E+00	2.58070000E-02	
5.77000000E+00	0.00000000E+00	2.60350000E-02	
5.77040000E+00	1.00000000E-01	2.59970000E-02	
5.77080000E+00	2.00000000E-01	2.59590000E-02	
5.77090000E+00	3.00000000E-01	2.59190000E-02	
5.77070000E+00	4.00000000E-01	2.58790000E-02	
5.77040000E+00	5.00000000E-01	2.58380000E-02	
5.77030000E+00	6.00000000E-01	2.57960000E-02	
5.77010000E+00	7.00000000E-01	2.57530000E-02	
5.77040000E+00	8.00000000E-01	2.57080000E-02	
5.77010000E+00	9.00000000E-01	2.56630000E-02	
5.77000000E+00	1.00000000E+00	2.56170000E-02	
6.27000000E+00	0.00000000E+00	2.58430000E-02	
6.27040000E+00	1.00000000E-01	2.58060000E-02	
6.27090000E+00	2.00000000E-01	2.57680000E-02	
6.27090000E+00	3.00000000E-01	2.57300000E-02	
6.27060000E+00	4.00000000E-01	2.56900000E-02	
6.27050000E+00	5.00000000E-01	2.56500000E-02	
6.27030000E+00	6.00000000E-01	2.56090000E-02	
6.27010000E+00	7.00000000E-01	2.55660000E-02	
6.27040000E+00	8.00000000E-01	2.55230000E-02	
6.27000000E+00	9.00000000E-01	2.54790000E-02	
6.27000000E+00	1.00000000E+00	2.54340000E-02	
6.82000000E+00	0.00000000E+00	2.56460000E-02	
6.82040000E+00	1.00000000E-01	2.56100000E-02	
6.82090000E+00	2.00000000E-01	2.55740000E-02	
6.82080000E+00	3.00000000E-01	2.55360000E-02	
6.82060000E+00	4.00000000E-01	2.54970000E-02	
6.82050000E+00	5.00000000E-01	2.54570000E-02	
6.82030000E+00	6.00000000E-01	2.54170000E-02	
6.82010000E+00	7.00000000E-01	2.53750000E-02	
6.82040000E+00	8.00000000E-01	2.53330000E-02	
6.82000000E+00	9.00000000E-01	2.52900000E-02	
6.82000000E+00	1.00000000E+00	2.52450000E-02	
7.40000000E+00	0.00000000E+00	2.54540000E-02	
7.40040000E+00	1.00000000E-01	2.54180000E-02	
7.40080000E+00	2.00000000E-01	2.53820000E-02	
7.40090000E+00	3.00000000E-01	2.53450000E-02	
7.40070000E+00	4.00000000E-01	2.53070000E-02	
7.40050000E+00	5.00000000E-01	2.52680000E-02	
7.40020000E+00	6.00000000E-01	2.52280000E-02	
7.40010000E+00	7.00000000E-01	2.51880000E-02	
7.40040000E+00	8.00000000E-01	2.51460000E-02	
7.40010000E+00	9.00000000E-01	2.51040000E-02	
7.40000000E+00	1.00000000E+00	2.50600000E-02	
8.03000000E+00	0.00000000E+00	2.52580000E-02	
8.03040000E+00	1.00000000E-01	2.52240000E-02	
8.03080000E+00	2.00000000E-01	2.51880000E-02	
8.03070000E+00	3.00000000E-01	2.51520000E-02	
8.03060000E+00	4.00000000E-01	2.51150000E-02	
8.03050000E+00	5.00000000E-01	2.50770000E-02	
8.03030000E+00	6.00000000E-01	2.50380000E-02	
8.03010000E+00	7.00000000E-01	2.49980000E-02	
8.03040000E+00	8.00000000E-01	2.49570000E-02	
8.03000000E+00	9.00000000E-01	2.49150000E-02	
8.03000000E+00	1.00000000E+00	2.48730000E-02	
8.70000000E+00	0.00000000E+00	2.50650000E-02	
8.70040000E+00	1.00000000E-01	2.50310000E-02	
8.70080000E+00	2.00000000E-01	2.49960000E-02	
8.70080000E+00	3.00000000E-01	2.49600000E-02	
8.70060000E+00	4.00000000E-01	2.49240000E-02	
8.70050000E+00	5.00000000E-01	2.48860000E-02	
8.70030000E+00	6.00000000E-01	2.48480000E-02	
8.70010000E+00	7.00000000E-01	2.48090000E-02	
8.70040000E+00	8.00000000E-01	2.47690000E-02	
8.70000000E+00	9.00000000E-01	2.47280000E-02	
8.70000000E+00	1.00000000E+00	2.46860000E-02	
9.42000000E+00	0.00000000E+00	2.48700000E-02	
9.42040000E+00	1.00000000E-01	2.48370000E-02	
9.42080000E+00	2.00000000E-01	2.48030000E-02	
9.42080000E+00	3.00000000E-01	2.47680000E-02	
9.42060000E+00	4.00000000E-01	2.47320000E-02	
9.42040000E+00	5.00000000E-01	2.46950000E-02	
9.42030000E+00	6.00000000E-01	2.46580000E-02	
9.42010000E+00	7.00000000E-01	2.46190000E-02	
9.42040000E+00	8.00000000E-01	2.45800000E-02	
9.42000000E+00	9.00000000E-01	2.45400000E-02	
9.42000000E+00	1.00000000E+00	2.44990000E-02	
1.02000000E+01	0.00000000E+00	2.46740000E-02	
1.02000000E+01	1.00000000E-01	2.46410000E-02	
1.02010000E+01	2.00000000E-01	2.46070000E-02	
1.02010000E+01	3.00000000E-01	2.45730000E-02	
1.02010000E+01	4.00000000E-01	2.45380000E-02	
1.02000000E+01	5.00000000E-01	2.45020000E-02	
1.02000000E+01	6.00000000E-01	2.44650000E-02	
1.02000000E+01	7.00000000E-01	2.44270000E-02	
1.02000000E+01	8.00000000E-01	2.43890000E-02	
1.02000000E+01	9.00000000E-01	2.43490000E-02	
1.02000000E+01	1.00000000E+00	2.43090000E-02	
1.10000000E+01	0.00000000E+00	2.44850000E-02	
1.10000000E+01	1.00000000E-01	2.44530000E-02	
1.10010000E+01	2.00000000E-01	2.44200000E-02	
1.10010000E+01	3.00000000E-01	2.43860000E-02	
1.10010000E+01	4.00000000E-01	2.43520000E-02	
1.10000000E+01	5.00000000E-01	2.43160000E-02	
1.10000000E+01	6.00000000E-01	2.42800000E-02	
1.10000000E+01	7.00000000E-01	2.42430000E-02	
1.10000000E+01	8.00000000E-01	2.42050000E-02	
1.10000000E+01	9.00000000E-01	2.41660000E-02	
1.10000000E+01	1.00000000E+00	2.41270000E-02	
1.19000000E+01	0.00000000E+00	2.42860000E-02	
1.19000000E+01	1.00000000E-01	2.42540000E-02	
1.19010000E+01	2.00000000E-01	2.42220000E-02	
1.19010000E+01	3.00000000E-01	2.41890000E-02	
1.19010000E+01	4.00000000E-01	2.41550000E-02	
1.19000000E+01	5.00000000E-01	2.41200000E-02	
1.19000000E+01	6.00000000E-01	2.40850000E-02	
1.19000000E+01	7.00000000E-01	2.40490000E-02	
1.19000000E+01	8.00000000E-01	2.40110000E-02	
1.19000000E+01	9.00000000E-01	2.39730000E-02	
1.19000000E+01	1.00000000E+00	2.39350000E-02	
1.28000000E+01	0.00000000E+00	2.40990000E-02	
1.28000000E+01	1.00000000E-01	2.40680000E-02	
1.28010000E+01	2.00000000E-01	2.40370000E-02	
1.28010000E+01	3.00000000E-01	2.40040000E-02	
1.28010000E+01	4.00000000E-01	2.39710000E-02	
1.28000000E+01	5.00000000E-01	2.39370000E-02	
1.28000000E+01	6.00000000E-01	2.39020000E-02	
1.28000000E+01	7.00000000E-01	2.38660000E-02	
1.28000000E+01	8.00000000E-01	2.38300000E-02	
1.28000000E+01	9.00000000E-01	2.37920000E-02	
1.28000000E+01	1.00000000E+00	2.37540000E-02	
1.38000000E+01	0.00000000E+00	2.39050000E-02	
1.38000000E+01	1.00000000E-01	2.38750000E-02	
1.38010000E+01	2.00000000E-01	2.38430000E-02	
1.38010000E+01	3.00000000E-01	2.38120000E-02	
1.38010000E+01	4.00000000E-01	2.37790000E-02	
1.38000000E+01	5.00000000E-01	2.37450000E-02	
1.38000000E+01	6.00000000E-01	2.37110000E-02	
1.38000000E+01	7.00000000E-01	2.36760000E-02	
1.38000000E+01	8.00000000E-01	2.36400000E-02	
1.38000000E+01	9.00000000E-01	2.36040000E-02	
1.38000000E+01	1.00000000E+00	2.35660000E-02	
1.48000000E+01	0.00000000E+00	2.37220000E-02	
1.48000000E+01	1.00000000E-01	2.36920000E-02	
1.48010000E+01	2.00000000E-01	2.36620000E-02	
1.48010000E+01	3.00000000E-01	2.36300000E-02	
1.48010000E+01	4.00000000E-01	2.35980000E-02	
1.48000000E+01	5.00000000E-01	2.35650000E-02	
1.48000000E+01	6.00000000E-01	2.35320000E-02	
1.48000000E+01	7.00000000E-01	2.34970000E-02	
1.48000000E+01	8.00000000E-01	2.34620000E-02	
1.48000000E+01	9.00000000E-01	2.34260000E-02	
1.48000000E+01	1.00000000E+00	2.33890000E-02	
1.59000000E+01	0.00000000E+00	2.35330000E-02	
1.59000000E+01	1.00000000E-01	2.35040000E-02	
1.59010000E+01	2.00000000E-01	2.34730000E-02	
1.59010000E+01	3.00000000E-01	2.34430000E-02	
1.59010000E+01	4.00000000E-01	2.34110000E-02	
1.59000000E+01	5.00000000E-01	2.33790000E-02	
1.59000000E+01	6.00000000E-01	2.33460000E-02	
1.59000000E+01	7.00000000E-01	2.33120000E-02	
1.59000000E+01	8.00000000E-01	2.32770000E-02	
1.59000000E+01	9.00000000E-01	2.32420000E-02	
1.59000000E+01	1.00000000E+00	2.32050000E-02	
1.71000000E+01	0.00000000E+00	2.33390000E-02	
1.71000000E+01	1.00000000E-01	2.33100000E-02	
1.71010000E+01	2.00000000E-01	2.32800000E-02	
1.71010000E+01	3.00000000E-01	2.32500000E-02	
1.71010000E+01	4.00000000E-01	2.32190000E-02	
1.71000000E+01	5.00000000E-01	2.31870000E-02	
1.71000000E+01	6.00000000E-01	2.31550000E-02	
1.71000000E+01	7.00000000E-01	2.31210000E-02	
1.71000000E+01	8.00000000E-01	2.30870000E-02	
1.71000000E+01	9.00000000E-01	2.30520000E-02	
1.71000000E+01	1.00000000E+00	2.30170000E-02	
1.84000000E+01	0.00000000E+00	2.31410000E-02	
1.84000000E+01	1.00000000E-01	2.31130000E-02	
1.84010000E+01	2.00000000E-01	2.30840000E-02	
1.84010000E+01	3.00000000E-01	2.30540000E-02	
1.84010000E+01	4.00000000E-01	2.30230000E-02	
1.84000000E+01	5.00000000E-01	2.29920000E-02	
1.84000000E+01	6.00000000E-01	2.29600000E-02	
1.84000000E+01	7.00000000E-01	2.29270000E-02	
1.84000000E+01	8.00000000E-01	2.28940000E-02	
1.84000000E+01	9.00000000E-01	2.28600000E-02	
1.84000000E+01	1.00000000E+00	2.28250000E-02	
1.97000000E+01	0.00000000E+00	2.29550000E-02	
1.97000000E+01	1.00000000E-01	2.29270000E-02	
1.97010000E+01	2.00000000E-01	2.28980000E-02	
1.97010000E+01	3.00000000E-01	2.28690000E-02	
1.97000000E+01	4.00000000E-01	2.28390000E-02	
1.97000000E+01	5.00000000E-01	2.28080000E-02	
1.97000000E+01	6.00000000E-01	2.27770000E-02	
1.97000000E+01	7.00000000E-01	2.27450000E-02	
1.97000000E+01	8.00000000E-01	2.27120000E-02	
1.97000000E+01	9.00000000E-01	2.26780000E-02	
1.97000000E+01	1.00000000E+00	2.26440000E-02	
2.11000000E+01	0.00000000E+00	2.27660000E-02	
2.11000000E+01	1.00000000E-01	2.27380000E-02	
2.11010000E+01	2.00000000E-01	2.27100000E-02	
2.11010000E+01	3.00000000E-01	2.26810000E-02	
2.11010000E+01	4.00000000E-01	2.26520000E-02	
2.11000000E+01	5.00000000E-01	2.26220000E-02	
2.11000000E+01	6.00000000E-01	2.25910000E-02	
2.11000000E+01	7.00000000E-01	2.25590000E-02	
2.11000000E+01	8.00000000E-01	2.25270000E-02	
2.11000000E+01	9.00000000E-01	2.24940000E-02	
2.11000000E+01	1.00000000E+00	2.24600000E-02	
2.26000000E+01	0.00000000E+00	2.25750000E-02	
2.26000000E+01	1.00000000E-01	2.25480000E-02	
2.26010000E+01	2.00000000E-01	2.25200000E-02	
2.26010000E+01	3.00000000E-01	2.24920000E-02	
2.26010000E+01	4.00000000E-01	2.24630000E-02	
2.26000000E+01	5.00000000E-01	2.24330000E-02	
2.26000000E+01	6.00000000E-01	2.24020000E-02	
2.26010000E+01	7.00000000E-01	2.23710000E-02	
2.26000000E+01	8.00000000E-01	2.23390000E-02	
2.26000000E+01	9.00000000E-01	2.23070000E-02	
2.26000000E+01	1.00000000E+00	2.22740000E-02	
2.42000000E+01	0.00000000E+00	2.23820000E-02	
2.42000000E+01	1.00000000E-01	2.23560000E-02	
2.42010000E+01	2.00000000E-01	2.23280000E-02	
2.42010000E+01	3.00000000E-01	2.23000000E-02	
2.42010000E+01	4.00000000E-01	2.22720000E-02	
2.42000000E+01	5.00000000E-01	2.22430000E-02	
2.42000000E+01	6.00000000E-01	2.22130000E-02	
2.42010000E+01	7.00000000E-01	2.21820000E-02	
2.42000000E+01	8.00000000E-01	2.21510000E-02	
2.42000000E+01	9.00000000E-01	2.21190000E-02	
2.42000000E+01	1.00000000E+00	2.20860000E-02	
2.58000000E+01	0.00000000E+00	2.22000000E-02	
2.58000000E+01	1.00000000E-01	2.21740000E-02	
2.58010000E+01	2.00000000E-01	2.21470000E-02	
2.58010000E+01	3.00000000E-01	2.21200000E-02	
2.58000000E+01	4.00000000E-01	2.20920000E-02	
2.58000000E+01	5.00000000E-01	2.20630000E-02	
2.58000000E+01	6.00000000E-01	2.20330000E-02	
2.58010000E+01	7.00000000E-01	2.20030000E-02	
2.58000000E+01	8.00000000E-01	2.19720000E-02	
2.58000000E+01	9.00000000E-01	2.19410000E-02	
2.58000000E+01	1.00000000E+00	2.19090000E-02	
2.76000000E+01	0.00000000E+00	2.20060000E-02	
2.76000000E+01	1.00000000E-01	2.19810000E-02	
2.76010000E+01	2.00000000E-01	2.19540000E-02	
2.76000000E+01	3.00000000E-01	2.19270000E-02	
2.76000000E+01	4.00000000E-01	2.19000000E-02	
2.76000000E+01	5.00000000E-01	2.18710000E-02	
2.76000000E+01	6.00000000E-01	2.18430000E-02	
2.76010000E+01	7.00000000E-01	2.18130000E-02	
2.76000000E+01	8.00000000E-01	2.17830000E-02	
2.76000000E+01	9.00000000E-01	2.17520000E-02	
2.76000000E+01	1.00000000E+00	2.17200000E-02	
2.94000000E+01	0.00000000E+00	2.18230000E-02	
2.94000000E+01	1.00000000E-01	2.17980000E-02	
2.94010000E+01	2.00000000E-01	2.17720000E-02	
2.94000000E+01	3.00000000E-01	2.17450000E-02	
2.94000000E+01	4.00000000E-01	2.17180000E-02	
2.94000000E+01	5.00000000E-01	2.16900000E-02	
2.94000000E+01	6.00000000E-01	2.16620000E-02	
2.94010000E+01	7.00000000E-01	2.16330000E-02	
2.94000000E+01	8.00000000E-01	2.16030000E-02	
2.94000000E+01	9.00000000E-01	2.15720000E-02	
2.94000000E+01	1.00000000E+00	2.15410000E-02	
3.14000000E+01	0.00000000E+00	2.16300000E-02	
3.14000000E+01	1.00000000E-01	2.16060000E-02	
3.14000000E+01	2.00000000E-01	2.15800000E-02	
3.14000000E+01	3.00000000E-01	2.15540000E-02	
3.14000000E+01	4.00000000E-01	2.15270000E-02	
3.14000000E+01	5.00000000E-01	2.15000000E-02	
3.14000000E+01	6.00000000E-01	2.14720000E-02	
3.14010000E+01	7.00000000E-01	2.14430000E-02	
3.14000000E+01	8.00000000E-01	2.14130000E-02	
3.14000000E+01	9.00000000E-01	2.13830000E-02	
3.14000000E+01	1.00000000E+00	2.13520000E-02	
3.35000000E+01	0.00000000E+00	2.14390000E-02	
3.35000000E+01	1.00000000E-01	2.14140000E-02	
3.35000000E+01	2.00000000E-01	2.13890000E-02	
3.35000000E+01	3.00000000E-01	2.13630000E-02	
3.35000000E+01	4.00000000E-01	2.13370000E-02	
3.35000000E+01	5.00000000E-01	2.13100000E-02	
3.35000000E+01	6.00000000E-01	2.12820000E-02	
3.35010000E+01	7.00000000E-01	2.12540000E-02	
3.35000000E+01	8.00000000E-01	2.12250000E-02	
3.35000000E+01	9.00000000E-01	2.11960000E-02	
3.35000000E+01	1.00000000E+00	2.11650000E-02	
3.56000000E+01	0.00000000E+00	2.12570000E-02	
3.56000000E+01	1.00000000E-01	2.12330000E-02	
3.56000000E+01	2.00000000E-01	2.12080000E-02	
3.56010000E+01	3.00000000E-01	2.11830000E-02	
3.56000000E+01	4.00000000E-01	2.11570000E-02	
3.56000000E+01	5.00000000E-01	2.11300000E-02	
3.56000000E+01	6.00000000E-01	2.11030000E-02	
3.56010000E+01	7.00000000E-01	2.10750000E-02	
3.56000000E+01	8.00000000E-01	2.10470000E-02	
3.56000000E+01	9.00000000E-01	2.10170000E-02	
3.56000000E+01	1.00000000E+00	2.09880000E-02	
3.79000000E+01	0.00000000E+00	2.10680000E-02	
3.79000000E+01	1.00000000E-01	2.10440000E-02	
3.79000000E+01	2.00000000E-01	2.10200000E-02	
3.79000000E+01	3.00000000E-01	2.09950000E-02	
3.79000000E+01	4.00000000E-01	2.09690000E-02	
3.79000000E+01	5.00000000E-01	2.09430000E-02	
3.79000000E+01	6.00000000E-01	2.09160000E-02	
3.79010000E+01	7.00000000E-01	2.08890000E-02	
3.79000000E+01	8.00000000E-01	2.08610000E-02	
3.79000000E+01	9.00000000E-01	2.08320000E-02	
3.79000000E+01	1.00000000E+00	2.08030000E-02	
4.03000000E+01	0.00000000E+00	2.08810000E-02	
4.03000000E+01	1.00000000E-01	2.08580000E-02	
4.03000000E+01	2.00000000E-01	2.08340000E-02	
4.03000000E+01	3.00000000E-01	2.08090000E-02	
4.03000000E+01	4.00000000E-01	2.07840000E-02	
4.03000000E+01	5.00000000E-01	2.07580000E-02	
4.03000000E+01	6.00000000E-01	2.07310000E-02	
4.03010000E+01	7.00000000E-01	2.07040000E-02	
4.03000000E+01	8.00000000E-01	2.06770000E-02	
4.03000000E+01	9.00000000E-01	2.06480000E-02	
4.03000000E+01	1.00000000E+00	2.06190000E-02	
4.28000000E+01	0.00000000E+00	2.06960000E-02	
4.28000000E+01	1.00000000E-01	2.06730000E-02	
4.28000000E+01	2.00000000E-01	2.06490000E-02	
4.28000000E+01	3.00000000E-01	2.06250000E-02	
4.28000000E+01	4.00000000E-01	2.06000000E-02	
4.28000000E+01	5.00000000E-01	2.05740000E-02	
4.28000000E+01	6.00000000E-01	2.05480000E-02	
4.28010000E+01	7.00000000E-01	2.05220000E-02	
4.28000000E+01	8.00000000E-01	2.04940000E-02	
4.28000000E+01	9.00000000E-01	2.04670000E-02	
4.28000000E+01	1.00000000E+00	2.04380000E-02	
4.55000000E+01	0.00000000E+00	2.05060000E-02	
4.55030000E+01	1.00000000E-01	2.04830000E-02	
4.55000000E+01	2.00000000E-01	2.04600000E-02	
4.55000000E+01	3.00000000E-01	2.04360000E-02	
4.55000000E+01	4.00000000E-01	2.04110000E-02	
4.55000000E+01	5.00000000E-01	2.03860000E-02	
4.55000000E+01	6.00000000E-01	2.03600000E-02	
4.55010000E+01	7.00000000E-01	2.03340000E-02	
4.55000000E+01	8.00000000E-01	2.03070000E-02	
4.55000000E+01	9.00000000E-01	2.02800000E-02	
4.55000000E+01	1.00000000E+00	2.02520000E-02	
4.82000000E+01	0.00000000E+00	2.03250000E-02	
4.82030000E+01	1.00000000E-01	2.03030000E-02	
4.82000000E+01	2.00000000E-01	2.02790000E-02	
4.82000000E+01	3.00000000E-01	2.02560000E-02	
4.82000000E+01	4.00000000E-01	2.02320000E-02	
4.82000000E+01	5.00000000E-01	2.02070000E-02	
4.82000000E+01	6.00000000E-01	2.01820000E-02	
4.82010000E+01	7.00000000E-01	2.01560000E-02	
4.82000000E+01	8.00000000E-01	2.01290000E-02	
4.82000000E+01	9.00000000E-01	2.01020000E-02	
4.82000000E+01	1.00000000E+00	2.00740000E-02	
5.11000000E+01	0.00000000E+00	2.01400000E-02	
5.11030000E+01	1.00000000E-01	2.01180000E-02	
5.11000000E+01	2.00000000E-01	2.00950000E-02	
5.11000000E+01	3.00000000E-01	2.00720000E-02	
5.11000000E+01	4.00000000E-01	2.00480000E-02	
5.11000000E+01	5.00000000E-01	2.00240000E-02	
5.11000000E+01	6.00000000E-01	1.99990000E-02	
5.11010000E+01	7.00000000E-01	1.99730000E-02	
5.11000000E+01	8.00000000E-01	1.99470000E-02	
5.11000000E+01	9.00000000E-01	1.99200000E-02	
5.11000000E+01	1.00000000E+00	1.98930000E-02	
5.42000000E+01	0.00000000E+00	1.99520000E-02	
5.42030000E+01	1.00000000E-01	1.99300000E-02	
5.42000000E+01	2.00000000E-01	1.99080000E-02	
5.42000000E+01	3.00000000E-01	1.98850000E-02	
5.42000000E+01	4.00000000E-01	1.98610000E-02	
5.42000000E+01	5.00000000E-01	1.98370000E-02	
5.42000000E+01	6.00000000E-01	1.98120000E-02	
5.42010000E+01	7.00000000E-01	1.97870000E-02	
5.42000000E+01	8.00000000E-01	1.97620000E-02	
5.42000000E+01	9.00000000E-01	1.97350000E-02	
5.42000000E+01	1.00000000E+00	1.97080000E-02	
5.74000000E+01	0.00000000E+00	1.97670000E-02	
5.74020000E+01	1.00000000E-01	1.97450000E-02	
5.74000000E+01	2.00000000E-01	1.97230000E-02	
5.74000000E+01	3.00000000E-01	1.97000000E-02	
5.74000000E+01	4.00000000E-01	1.96770000E-02	
5.74000000E+01	5.00000000E-01	1.96540000E-02	
5.74000000E+01	6.00000000E-01	1.96290000E-02	
5.74010000E+01	7.00000000E-01	1.96050000E-02	
5.74000000E+01	8.00000000E-01	1.95790000E-02	
5.74000000E+01	9.00000000E-01	1.95530000E-02	
5.74000000E+01	1.00000000E+00	1.95270000E-02	
6.07000000E+01	0.00000000E+00	1.95850000E-02	
6.07020000E+01	1.00000000E-01	1.95640000E-02	
6.07000000E+01	2.00000000E-01	1.95420000E-02	
6.07000000E+01	3.00000000E-01	1.95190000E-02	
6.07000000E+01	4.00000000E-01	1.94970000E-02	
6.07000000E+01	5.00000000E-01	1.94730000E-02	
6.07010000E+01	6.00000000E-01	1.94490000E-02	
6.07010000E+01	7.00000000E-01	1.94250000E-02	
6.07000000E+01	8.00000000E-01	1.94000000E-02	
6.07000000E+01	9.00000000E-01	1.93740000E-02	
6.07000000E+01	1.00000000E+00	1.93480000E-02	
6.42000000E+01	0.00000000E+00	1.94010000E-02	
6.42020000E+01	1.00000000E-01	1.93800000E-02	
6.42000000E+01	2.00000000E-01	1.93580000E-02	
6.42000000E+01	3.00000000E-01	1.93360000E-02	
6.42000000E+01	4.00000000E-01	1.93140000E-02	
6.42000000E+01	5.00000000E-01	1.92900000E-02	
6.42010000E+01	6.00000000E-01	1.92670000E-02	
6.42010000E+01	7.00000000E-01	1.92430000E-02	
6.42000000E+01	8.00000000E-01	1.92180000E-02	
6.42000000E+01	9.00000000E-01	1.91930000E-02	
6.42000000E+01	1.00000000E+00	1.91670000E-02	
6.79000000E+01	0.00000000E+00	1.92150000E-02	
6.79020000E+01	1.00000000E-01	1.91940000E-02	
6.79000000E+01	2.00000000E-01	1.91730000E-02	
6.79000000E+01	3.00000000E-01	1.91510000E-02	
6.79000000E+01	4.00000000E-01	1.91290000E-02	
6.79000000E+01	5.00000000E-01	1.91060000E-02	
6.79010000E+01	6.00000000E-01	1.90830000E-02	
6.79010000E+01	7.00000000E-01	1.90590000E-02	
6.79000000E+01	8.00000000E-01	1.90350000E-02	
6.79000000E+01	9.00000000E-01	1.90100000E-02	
6.79000000E+01	1.00000000E+00	1.89840000E-02	
7.17000000E+01	0.00000000E+00	1.90330000E-02	
7.17020000E+01	1.00000000E-01	1.90120000E-02	
7.17000000E+01	2.00000000E-01	1.89910000E-02	
7.17000000E+01	3.00000000E-01	1.89700000E-02	
7.17000000E+01	4.00000000E-01	1.89480000E-02	
7.17000000E+01	5.00000000E-01	1.89250000E-02	
7.17010000E+01	6.00000000E-01	1.89020000E-02	
7.17000000E+01	7.00000000E-01	1.88790000E-02	
7.17000000E+01	8.00000000E-01	1.88550000E-02	
7.17000000E+01	9.00000000E-01	1.88300000E-02	
7.17000000E+01	1.00000000E+00	1.88050000E-02	
7.57000000E+01	0.00000000E+00	1.88490000E-02	
7.57020000E+01	1.00000000E-01	1.88290000E-02	
7.57000000E+01	2.00000000E-01	1.88090000E-02	
7.57000000E+01	3.00000000E-01	1.87870000E-02	
7.57000000E+01	4.00000000E-01	1.87660000E-02	
7.57000000E+01	5.00000000E-01	1.87440000E-02	
7.57010000E+01	6.00000000E-01	1.87210000E-02	
7.57000000E+01	7.00000000E-01	1.86980000E-02	
7.57000000E+01	8.00000000E-01	1.86740000E-02	
7.57000000E+01	9.00000000E-01	1.86500000E-02	
7.57000000E+01	1.00000000E+00	1.86250000E-02	
7.99000000E+01	0.00000000E+00	1.86660000E-02	
7.99020000E+01	1.00000000E-01	1.86460000E-02	
7.99000000E+01	2.00000000E-01	1.86250000E-02	
7.99000000E+01	3.00000000E-01	1.86040000E-02	
7.99000000E+01	4.00000000E-01	1.85830000E-02	
7.99000000E+01	5.00000000E-01	1.85610000E-02	
7.99010000E+01	6.00000000E-01	1.85390000E-02	
7.99000000E+01	7.00000000E-01	1.85160000E-02	
7.99000000E+01	8.00000000E-01	1.84920000E-02	
7.99000000E+01	9.00000000E-01	1.84680000E-02	
7.99000000E+01	1.00000000E+00	1.84440000E-02	
8.43000000E+01	0.00000000E+00	1.84810000E-02	
8.43020000E+01	1.00000000E-01	1.84620000E-02	
8.43000000E+01	2.00000000E-01	1.84420000E-02	
8.43000000E+01	3.00000000E-01	1.84210000E-02	
8.43000000E+01	4.00000000E-01	1.84000000E-02	
8.43000000E+01	5.00000000E-01	1.83780000E-02	
8.43010000E+01	6.00000000E-01	1.83560000E-02	
8.43000000E+01	7.00000000E-01	1.83340000E-02	
8.43000000E+01	8.00000000E-01	1.83100000E-02	
8.43000000E+01	9.00000000E-01	1.82870000E-02	
8.43000000E+01	1.00000000E+00	1.82630000E-02	
8.88000000E+01	0.00000000E+00	1.83010000E-02	
8.88020000E+01	1.00000000E-01	1.82820000E-02	
8.88000000E+01	2.00000000E-01	1.82620000E-02	
8.88000000E+01	3.00000000E-01	1.82410000E-02	
8.88000000E+01	4.00000000E-01	1.82210000E-02	
8.88000000E+01	5.00000000E-01	1.81990000E-02	
8.88010000E+01	6.00000000E-01	1.81770000E-02	
8.88000000E+01	7.00000000E-01	1.81550000E-02	
8.88000000E+01	8.00000000E-01	1.81320000E-02	
8.88000000E+01	9.00000000E-01	1.81090000E-02	
8.88000000E+01	1.00000000E+00	1.80850000E-02	
9.35000000E+01	0.00000000E+00	1.81210000E-02	
9.35020000E+01	1.00000000E-01	1.81020000E-02	
9.35000000E+01	2.00000000E-01	1.80820000E-02	
9.35000000E+01	3.00000000E-01	1.80620000E-02	
9.35000000E+01	4.00000000E-01	1.80410000E-02	
9.35000000E+01	5.00000000E-01	1.80200000E-02	
9.35010000E+01	6.00000000E-01	1.79990000E-02	
9.35000000E+01	7.00000000E-01	1.79770000E-02	
9.35000000E+01	8.00000000E-01	1.79540000E-02	
9.35000000E+01	9.00000000E-01	1.79310000E-02	
9.35000000E+01	1.00000000E+00	1.79070000E-02	
9.85000000E+01	0.00000000E+00	1.79370000E-02	
9.85020000E+01	1.00000000E-01	1.79180000E-02	
9.85000000E+01	2.00000000E-01	1.78990000E-02	
9.85000000E+01	3.00000000E-01	1.78790000E-02	
9.85000000E+01	4.00000000E-01	1.78590000E-02	
9.85010000E+01	5.00000000E-01	1.78380000E-02	
9.85010000E+01	6.00000000E-01	1.78170000E-02	
9.85000000E+01	7.00000000E-01	1.77950000E-02	
9.85000000E+01	8.00000000E-01	1.77730000E-02	
9.85000000E+01	9.00000000E-01	1.77500000E-02	
9.85000000E+01	1.00000000E+00	1.77270000E-02	
1.04000000E+02	0.00000000E+00	1.77440000E-02	
1.04000000E+02	1.00000000E-01	1.77250000E-02	
1.04000000E+02	2.00000000E-01	1.77060000E-02	
1.04000000E+02	3.00000000E-01	1.76860000E-02	
1.04000000E+02	4.00000000E-01	1.76660000E-02	
1.04000000E+02	5.00000000E-01	1.76460000E-02	
1.04000000E+02	6.00000000E-01	1.76250000E-02	
1.04000000E+02	7.00000000E-01	1.76030000E-02	
1.04000000E+02	8.00000000E-01	1.75810000E-02	
1.04000000E+02	9.00000000E-01	1.75590000E-02	
1.04000000E+02	1.00000000E+00	1.75360000E-02	
1.09000000E+02	0.00000000E+00	1.75760000E-02	
1.09000000E+02	1.00000000E-01	1.75570000E-02	
1.09000000E+02	2.00000000E-01	1.75380000E-02	
1.09000000E+02	3.00000000E-01	1.75190000E-02	
1.09000000E+02	4.00000000E-01	1.74990000E-02	
1.09000000E+02	5.00000000E-01	1.74790000E-02	
1.09000000E+02	6.00000000E-01	1.74580000E-02	
1.09000000E+02	7.00000000E-01	1.74370000E-02	
1.09000000E+02	8.00000000E-01	1.74150000E-02	
1.09000000E+02	9.00000000E-01	1.73930000E-02	
1.09000000E+02	1.00000000E+00	1.73700000E-02	
1.15000000E+02	0.00000000E+00	1.73820000E-02	
1.15000000E+02	1.00000000E-01	1.73640000E-02	
1.15000000E+02	2.00000000E-01	1.73450000E-02	
1.15000000E+02	3.00000000E-01	1.73260000E-02	
1.15000000E+02	4.00000000E-01	1.73060000E-02	
1.15000000E+02	5.00000000E-01	1.72860000E-02	
1.15000000E+02	6.00000000E-01	1.72660000E-02	
1.15000000E+02	7.00000000E-01	1.72450000E-02	
1.15000000E+02	8.00000000E-01	1.72230000E-02	
1.15000000E+02	9.00000000E-01	1.72010000E-02	
1.15000000E+02	1.00000000E+00	1.71790000E-02	
1.20000000E+02	0.00000000E+00	1.72270000E-02	
1.20000000E+02	1.00000000E-01	1.72090000E-02	
1.20000000E+02	2.00000000E-01	1.71900000E-02	
1.20000000E+02	3.00000000E-01	1.71710000E-02	
1.20000000E+02	4.00000000E-01	1.71520000E-02	
1.20000000E+02	5.00000000E-01	1.71320000E-02	
1.20000000E+02	6.00000000E-01	1.71120000E-02	
1.20000000E+02	7.00000000E-01	1.70910000E-02	
1.20000000E+02	8.00000000E-01	1.70700000E-02	
1.20000000E+02	9.00000000E-01	1.70480000E-02	
1.20000000E+02	1.00000000E+00	1.70260000E-02	
1.26000000E+02	0.00000000E+00	1.70470000E-02	
1.26000000E+02	1.00000000E-01	1.70290000E-02	
1.26000000E+02	2.00000000E-01	1.70110000E-02	
1.26000000E+02	3.00000000E-01	1.69920000E-02	
1.26000000E+02	4.00000000E-01	1.69730000E-02	
1.26000000E+02	5.00000000E-01	1.69540000E-02	
1.26000000E+02	6.00000000E-01	1.69340000E-02	
1.26000000E+02	7.00000000E-01	1.69130000E-02	
1.26000000E+02	8.00000000E-01	1.68920000E-02	
1.26000000E+02	9.00000000E-01	1.68710000E-02	
1.26000000E+02	1.00000000E+00	1.68490000E-02	
1.33000000E+02	0.00000000E+00	1.68470000E-02	
1.33000000E+02	1.00000000E-01	1.68290000E-02	
1.33000000E+02	2.00000000E-01	1.68110000E-02	
1.33000000E+02	3.00000000E-01	1.67930000E-02	
1.33000000E+02	4.00000000E-01	1.67740000E-02	
1.33000000E+02	5.00000000E-01	1.67550000E-02	
1.33000000E+02	6.00000000E-01	1.67350000E-02	
1.33000000E+02	7.00000000E-01	1.67150000E-02	
1.33000000E+02	8.00000000E-01	1.66940000E-02	
1.33000000E+02	9.00000000E-01	1.66730000E-02	
1.33000000E+02	1.00000000E+00	1.66510000E-02	
1.39000000E+02	0.00000000E+00	1.66820000E-02	
1.39000000E+02	1.00000000E-01	1.66650000E-02	
1.39000000E+02	2.00000000E-01	1.66470000E-02	
1.39000000E+02	3.00000000E-01	1.66280000E-02	
1.39000000E+02	4.00000000E-01	1.66100000E-02	
1.39000000E+02	5.00000000E-01	1.65910000E-02	
1.39000000E+02	6.00000000E-01	1.65710000E-02	
1.39000000E+02	7.00000000E-01	1.65510000E-02	
1.39000000E+02	8.00000000E-01	1.65310000E-02	
1.39000000E+02	9.00000000E-01	1.65100000E-02	
1.39000000E+02	1.00000000E+00	1.64880000E-02	
1.46000000E+02	0.00000000E+00	1.64970000E-02	
1.46000000E+02	1.00000000E-01	1.64800000E-02	
1.46000000E+02	2.00000000E-01	1.64620000E-02	
1.46000000E+02	3.00000000E-01	1.64440000E-02	
1.46000000E+02	4.00000000E-01	1.64260000E-02	
1.46000000E+02	5.00000000E-01	1.64070000E-02	
1.46000000E+02	6.00000000E-01	1.63870000E-02	
1.46000000E+02	7.00000000E-01	1.63680000E-02	
1.46000000E+02	8.00000000E-01	1.63480000E-02	
1.46000000E+02	9.00000000E-01	1.63270000E-02	
1.46000000E+02	1.00000000E+00	1.63060000E-02	
1.53000000E+02	0.00000000E+00	1.63190000E-02	
1.53000000E+02	1.00000000E-01	1.63020000E-02	
1.53000000E+02	2.00000000E-01	1.62850000E-02	
1.53000000E+02	3.00000000E-01	1.62670000E-02	
1.53000000E+02	4.00000000E-01	1.62490000E-02	
1.53000000E+02	5.00000000E-01	1.62300000E-02	
1.53000000E+02	6.00000000E-01	1.62110000E-02	
1.53000000E+02	7.00000000E-01	1.61910000E-02	
1.53000000E+02	8.00000000E-01	1.61710000E-02	
1.53000000E+02	9.00000000E-01	1.61510000E-02	
1.53000000E+02	1.00000000E+00	1.61300000E-02	
1.60000000E+02	0.00000000E+00	1.61480000E-02	
1.60000000E+02	1.00000000E-01	1.61310000E-02	
1.60000000E+02	2.00000000E-01	1.61140000E-02	
1.60000000E+02	3.00000000E-01	1.60960000E-02	
1.60000000E+02	4.00000000E-01	1.60780000E-02	
1.60000000E+02	5.00000000E-01	1.60600000E-02	
1.60000000E+02	6.00000000E-01	1.60410000E-02	
1.60000000E+02	7.00000000E-01	1.60220000E-02	
1.60000000E+02	8.00000000E-01	1.60020000E-02	
1.60000000E+02	9.00000000E-01	1.59820000E-02	
1.60000000E+02	1.00000000E+00	1.59610000E-02	
1.68000000E+02	0.00000000E+00	1.59600000E-02	
1.68000000E+02	1.00000000E-01	1.59440000E-02	
1.68000000E+02	2.00000000E-01	1.59260000E-02	
1.68000000E+02	3.00000000E-01	1.59090000E-02	
1.68000000E+02	4.00000000E-01	1.58910000E-02	
1.68000000E+02	5.00000000E-01	1.58730000E-02	
1.68000000E+02	6.00000000E-01	1.58540000E-02	
1.68000000E+02	7.00000000E-01	1.58350000E-02	
1.68000000E+02	8.00000000E-01	1.58160000E-02	
1.68000000E+02	9.00000000E-01	1.57960000E-02	
1.68000000E+02	1.00000000E+00	1.57750000E-02	
1.76000000E+02	0.00000000E+00	1.57800000E-02	
1.76000000E+02	1.00000000E-01	1.57630000E-02	
1.76000000E+02	2.00000000E-01	1.57460000E-02	
1.76000000E+02	3.00000000E-01	1.57290000E-02	
1.76000000E+02	4.00000000E-01	1.57110000E-02	
1.76000000E+02	5.00000000E-01	1.56930000E-02	
1.76000000E+02	6.00000000E-01	1.56750000E-02	
1.76000000E+02	7.00000000E-01	1.56560000E-02	
1.76000000E+02	8.00000000E-01	1.56370000E-02	
1.76000000E+02	9.00000000E-01	1.56170000E-02	
1.76000000E+02	1.00000000E+00	1.55970000E-02	
1.84000000E+02	0.00000000E+00	1.56050000E-02	
1.84000000E+02	1.00000000E-01	1.55890000E-02	
1.84000000E+02	2.00000000E-01	1.55720000E-02	
1.84000000E+02	3.00000000E-01	1.55550000E-02	
1.84000000E+02	4.00000000E-01	1.55380000E-02	
1.84000000E+02	5.00000000E-01	1.55200000E-02	
1.84000000E+02	6.00000000E-01	1.55020000E-02	
1.84000000E+02	7.00000000E-01	1.54830000E-02	
1.84000000E+02	8.00000000E-01	1.54640000E-02	
1.84000000E+02	9.00000000E-01	1.54450000E-02	
1.84000000E+02	1.00000000E+00	1.54250000E-02	
1.92000000E+02	0.00000000E+00	1.54380000E-02	
1.92000000E+02	1.00000000E-01	1.54210000E-02	
1.92000000E+02	2.00000000E-01	1.54050000E-02	
1.92000000E+02	3.00000000E-01	1.53880000E-02	
1.92000000E+02	4.00000000E-01	1.53710000E-02	
1.92000000E+02	5.00000000E-01	1.53530000E-02	
1.92000000E+02	6.00000000E-01	1.53350000E-02	
1.92000000E+02	7.00000000E-01	1.53160000E-02	
1.92000000E+02	8.00000000E-01	1.52980000E-02	
1.92000000E+02	9.00000000E-01	1.52780000E-02	
1.92000000E+02	1.00000000E+00	1.52590000E-02	
2.01000000E+02	0.00000000E+00	1.52560000E-02	
2.01000000E+02	1.00000000E-01	1.52400000E-02	
2.01000000E+02	2.00000000E-01	1.52230000E-02	
2.01000000E+02	3.00000000E-01	1.52060000E-02	
2.01000000E+02	4.00000000E-01	1.51890000E-02	
2.01000000E+02	5.00000000E-01	1.51720000E-02	
2.01000000E+02	6.00000000E-01	1.51540000E-02	
2.01000000E+02	7.00000000E-01	1.51360000E-02	
2.01000000E+02	8.00000000E-01	1.51170000E-02	
2.01000000E+02	9.00000000E-01	1.50980000E-02	
2.01000000E+02	1.00000000E+00	1.50790000E-02	
2.10000000E+02	0.00000000E+00	1.50800000E-02	
2.10000000E+02	1.00000000E-01	1.50640000E-02	
2.10000000E+02	2.00000000E-01	1.50480000E-02	
2.10000000E+02	3.00000000E-01	1.50320000E-02	
2.10000000E+02	4.00000000E-01	1.50150000E-02	
2.10000000E+02	5.00000000E-01	1.49970000E-02	
2.10000000E+02	6.00000000E-01	1.49800000E-02	
2.10000000E+02	7.00000000E-01	1.49620000E-02	
2.10000000E+02	8.00000000E-01	1.49430000E-02	
2.10000000E+02	9.00000000E-01	1.49250000E-02	
2.10000000E+02	1.00000000E+00	1.49050000E-02	
2.19000000E+02	0.00000000E+00	1.49110000E-02	
2.19000000E+02	1.00000000E-01	1.48950000E-02	
2.19000000E+02	2.00000000E-01	1.48790000E-02	
2.19000000E+02	3.00000000E-01	1.48630000E-02	
2.19000000E+02	4.00000000E-01	1.48460000E-02	
2.19000000E+02	5.00000000E-01	1.48290000E-02	
2.19000000E+02	6.00000000E-01	1.48120000E-02	
2.19000000E+02	7.00000000E-01	1.47940000E-02	
2.19000000E+02	8.00000000E-01	1.47760000E-02	
2.19000000E+02	9.00000000E-01	1.47570000E-02	
2.19000000E+02	1.00000000E+00	1.47380000E-02	
2.29000000E+02	0.00000000E+00	1.47300000E-02	
2.29000000E+02	1.00000000E-01	1.47140000E-02	
2.29000000E+02	2.00000000E-01	1.46980000E-02	
2.29000000E+02	3.00000000E-01	1.46820000E-02	
2.29000000E+02	4.00000000E-01	1.46650000E-02	
2.29000000E+02	5.00000000E-01	1.46490000E-02	
2.29000000E+02	6.00000000E-01	1.46310000E-02	
2.29000000E+02	7.00000000E-01	1.46140000E-02	
2.29000000E+02	8.00000000E-01	1.45960000E-02	
2.29000000E+02	9.00000000E-01	1.45770000E-02	
2.29000000E+02	1.00000000E+00	1.45590000E-02	
2.38000000E+02	0.00000000E+00	1.45720000E-02	
2.38000000E+02	1.00000000E-01	1.45570000E-02	
2.38000000E+02	2.00000000E-01	1.45410000E-02	
2.38000000E+02	3.00000000E-01	1.45250000E-02	
2.38000000E+02	4.00000000E-01	1.45080000E-02	
2.38000000E+02	5.00000000E-01	1.44920000E-02	
2.38000000E+02	6.00000000E-01	1.44750000E-02	
2.38000000E+02	7.00000000E-01	1.44570000E-02	
2.38000000E+02	8.00000000E-01	1.44390000E-02	
2.38000000E+02	9.00000000E-01	1.44210000E-02	
2.38000000E+02	1.00000000E+00	1.44030000E-02	
2.49000000E+02	0.00000000E+00	1.43860000E-02	
2.49000000E+02	1.00000000E-01	1.43710000E-02	
2.49000000E+02	2.00000000E-01	1.43550000E-02	
2.49000000E+02	3.00000000E-01	1.43390000E-02	
2.49000000E+02	4.00000000E-01	1.43230000E-02	
2.49000000E+02	5.00000000E-01	1.43070000E-02	
2.49000000E+02	6.00000000E-01	1.42900000E-02	
2.49000000E+02	7.00000000E-01	1.42720000E-02	
2.49000000E+02	8.00000000E-01	1.42550000E-02	
2.49000000E+02	9.00000000E-01	1.42370000E-02	
2.49000000E+02	1.00000000E+00	1.42180000E-02	
2.59000000E+02	0.00000000E+00	1.42220000E-02	
2.59000000E+02	1.00000000E-01	1.42070000E-02	
2.59000000E+02	2.00000000E-01	1.41920000E-02	
2.59000000E+02	3.00000000E-01	1.41760000E-02	
2.59000000E+02	4.00000000E-01	1.41600000E-02	
2.59000000E+02	5.00000000E-01	1.41440000E-02	
2.59000000E+02	6.00000000E-01	1.41270000E-02	
2.59000000E+02	7.00000000E-01	1.41100000E-02	
2.59000000E+02	8.00000000E-01	1.40930000E-02	
2.59000000E+02	9.00000000E-01	1.40750000E-02	
2.59000000E+02	1.00000000E+00	1.40570000E-02	
2.70000000E+02	0.00000000E+00	1.40490000E-02	
2.70000000E+02	1.00000000E-01	1.40340000E-02	
2.70000000E+02	2.00000000E-01	1.40190000E-02	
2.70000000E+02	3.00000000E-01	1.40030000E-02	
2.70000000E+02	4.00000000E-01	1.39870000E-02	
2.70000000E+02	5.00000000E-01	1.39710000E-02	
2.70000000E+02	6.00000000E-01	1.39550000E-02	
2.70000000E+02	7.00000000E-01	1.39380000E-02	
2.70000000E+02	8.00000000E-01	1.39200000E-02	
2.70000000E+02	9.00000000E-01	1.39030000E-02	
2.70000000E+02	1.00000000E+00	1.38850000E-02	
2.82000000E+02	0.00000000E+00	1.38660000E-02	
2.82000000E+02	1.00000000E-01	1.38510000E-02	
2.82000000E+02	2.00000000E-01	1.38360000E-02	
2.82000000E+02	3.00000000E-01	1.38210000E-02	
2.82000000E+02	4.00000000E-01	1.38050000E-02	
2.82000000E+02	5.00000000E-01	1.37890000E-02	
2.82000000E+02	6.00000000E-01	1.37730000E-02	
2.82000000E+02	7.00000000E-01	1.37560000E-02	
2.82000000E+02	8.00000000E-01	1.37390000E-02	
2.82000000E+02	9.00000000E-01	1.37220000E-02	
2.82000000E+02	1.00000000E+00	1.37040000E-02	
2.93000000E+02	0.00000000E+00	1.37040000E-02	
2.93000000E+02	1.00000000E-01	1.36890000E-02	
2.93000000E+02	2.00000000E-01	1.36740000E-02	
2.93000000E+02	3.00000000E-01	1.36590000E-02	
2.93000000E+02	4.00000000E-01	1.36440000E-02	
2.93000000E+02	5.00000000E-01	1.36280000E-02	
2.93000000E+02	6.00000000E-01	1.36120000E-02	
2.93000000E+02	7.00000000E-01	1.35950000E-02	
2.93000000E+02	8.00000000E-01	1.35780000E-02	
2.93000000E+02	9.00000000E-01	1.35610000E-02	
2.93000000E+02	1.00000000E+00	1.35430000E-02	
3.05000000E+02	0.00000000E+00	1.35330000E-02	
3.05000000E+02	1.00000000E-01	1.35180000E-02	
3.05000000E+02	2.00000000E-01	1.35040000E-02	
3.05000000E+02	3.00000000E-01	1.34890000E-02	
3.05000000E+02	4.00000000E-01	1.34730000E-02	
3.05000000E+02	5.00000000E-01	1.34580000E-02	
3.05000000E+02	6.00000000E-01	1.34420000E-02	
3.05000000E+02	7.00000000E-01	1.34250000E-02	
3.05000000E+02	8.00000000E-01	1.34090000E-02	
3.05000000E+02	9.00000000E-01	1.33920000E-02	
3.05000000E+02	1.00000000E+00	1.33740000E-02	
3.18000000E+02	0.00000000E+00	1.33540000E-02	
3.18000000E+02	1.00000000E-01	1.33390000E-02	
3.18000000E+02	2.00000000E-01	1.33250000E-02	
3.18000000E+02	3.00000000E-01	1.33100000E-02	
3.18000000E+02	4.00000000E-01	1.32950000E-02	
3.18000000E+02	5.00000000E-01	1.32790000E-02	
3.18000000E+02	6.00000000E-01	1.32630000E-02	
3.18000000E+02	7.00000000E-01	1.32470000E-02	
3.18000000E+02	8.00000000E-01	1.32310000E-02	
3.18000000E+02	9.00000000E-01	1.32140000E-02	
3.18000000E+02	1.00000000E+00	1.31970000E-02	
3.31000000E+02	0.00000000E+00	1.31810000E-02	
3.31000000E+02	1.00000000E-01	1.31660000E-02	
3.31000000E+02	2.00000000E-01	1.31520000E-02	
3.31000000E+02	3.00000000E-01	1.31370000E-02	
3.31000000E+02	4.00000000E-01	1.31220000E-02	
3.31000000E+02	5.00000000E-01	1.31070000E-02	
3.31000000E+02	6.00000000E-01	1.30910000E-02	
3.31000000E+02	7.00000000E-01	1.30750000E-02	
3.31000000E+02	8.00000000E-01	1.30590000E-02	
3.31000000E+02	9.00000000E-01	1.30420000E-02	
3.31000000E+02	1.00000000E+00	1.30250000E-02	
3.44000000E+02	0.00000000E+00	1.30130000E-02	
3.44000000E+02	1.00000000E-01	1.29990000E-02	
3.44000000E+02	2.00000000E-01	1.29850000E-02	
3.44000000E+02	3.00000000E-01	1.29700000E-02	
3.44000000E+02	4.00000000E-01	1.29550000E-02	
3.44000000E+02	5.00000000E-01	1.29400000E-02	
3.44000000E+02	6.00000000E-01	1.29250000E-02	
3.44000000E+02	7.00000000E-01	1.29090000E-02	
3.44000000E+02	8.00000000E-01	1.28930000E-02	
3.44000000E+02	9.00000000E-01	1.28760000E-02	
3.44000000E+02	1.00000000E+00	1.28600000E-02	
3.57000000E+02	0.00000000E+00	1.28510000E-02	
3.57000000E+02	1.00000000E-01	1.28370000E-02	
3.57000000E+02	2.00000000E-01	1.28230000E-02	
3.57000000E+02	3.00000000E-01	1.28080000E-02	
3.57000000E+02	4.00000000E-01	1.27940000E-02	
3.57000000E+02	5.00000000E-01	1.27790000E-02	
3.57000000E+02	6.00000000E-01	1.27630000E-02	
3.57000000E+02	7.00000000E-01	1.27480000E-02	
3.57000000E+02	8.00000000E-01	1.27320000E-02	
3.57000000E+02	9.00000000E-01	1.27150000E-02	
3.57000000E+02	1.00000000E+00	1.26990000E-02	
3.71000000E+02	0.00000000E+00	1.26810000E-02	
3.71000000E+02	1.00000000E-01	1.26680000E-02	
3.71000000E+02	2.00000000E-01	1.26540000E-02	
3.71000000E+02	3.00000000E-01	1.26390000E-02	
3.71000000E+02	4.00000000E-01	1.26250000E-02	
3.71000000E+02	5.00000000E-01	1.26100000E-02	
3.71000000E+02	6.00000000E-01	1.25950000E-02	
3.71000000E+02	7.00000000E-01	1.25790000E-02	
3.71000000E+02	8.00000000E-01	1.25640000E-02	
3.71000000E+02	9.00000000E-01	1.25480000E-02	
3.71000000E+02	1.00000000E+00	1.25310000E-02	
3.86000000E+02	0.00000000E+00	1.25060000E-02	
3.86000000E+02	1.00000000E-01	1.24920000E-02	
3.86000000E+02	2.00000000E-01	1.24780000E-02	
3.86000000E+02	3.00000000E-01	1.24640000E-02	
3.86000000E+02	4.00000000E-01	1.24500000E-02	
3.86000000E+02	5.00000000E-01	1.24350000E-02	
3.86000000E+02	6.00000000E-01	1.24200000E-02	
3.86000000E+02	7.00000000E-01	1.24050000E-02	
3.86000000E+02	8.00000000E-01	1.23890000E-02	
3.86000000E+02	9.00000000E-01	1.23730000E-02	
3.86000000E+02	1.00000000E+00	1.23570000E-02	
4.01000000E+02	0.00000000E+00	1.23360000E-02	
4.01000000E+02	1.00000000E-01	1.23220000E-02	
4.01000000E+02	2.00000000E-01	1.23090000E-02	
4.01000000E+02	3.00000000E-01	1.22950000E-02	
4.01000000E+02	4.00000000E-01	1.22810000E-02	
4.01000000E+02	5.00000000E-01	1.22660000E-02	
4.01000000E+02	6.00000000E-01	1.22510000E-02	
4.01000000E+02	7.00000000E-01	1.22360000E-02	
4.01000000E+02	8.00000000E-01	1.22210000E-02	
4.01000000E+02	9.00000000E-01	1.22050000E-02	
4.01000000E+02	1.00000000E+00	1.21890000E-02	
4.16000000E+02	0.00000000E+00	1.21710000E-02	
4.16000000E+02	1.00000000E-01	1.21580000E-02	
4.16000000E+02	2.00000000E-01	1.21440000E-02	
4.16000000E+02	3.00000000E-01	1.21300000E-02	
4.16000000E+02	4.00000000E-01	1.21160000E-02	
4.16000000E+02	5.00000000E-01	1.21020000E-02	
4.16000000E+02	6.00000000E-01	1.20870000E-02	
4.16000000E+02	7.00000000E-01	1.20720000E-02	
4.16000000E+02	8.00000000E-01	1.20570000E-02	
4.16000000E+02	9.00000000E-01	1.20410000E-02	
4.16000000E+02	1.00000000E+00	1.20260000E-02	
4.32000000E+02	0.00000000E+00	1.20010000E-02	
4.32000000E+02	1.00000000E-01	1.19880000E-02	
4.32000000E+02	2.00000000E-01	1.19740000E-02	
4.32000000E+02	3.00000000E-01	1.19610000E-02	
4.32000000E+02	4.00000000E-01	1.19470000E-02	
4.32000000E+02	5.00000000E-01	1.19320000E-02	
4.32000000E+02	6.00000000E-01	1.19180000E-02	
4.32000000E+02	7.00000000E-01	1.19030000E-02	
4.32000000E+02	8.00000000E-01	1.18880000E-02	
4.32000000E+02	9.00000000E-01	1.18730000E-02	
4.32000000E+02	1.00000000E+00	1.18570000E-02	
4.48000000E+02	0.00000000E+00	1.18360000E-02	
4.48000000E+02	1.00000000E-01	1.18230000E-02	
4.48000000E+02	2.00000000E-01	1.18090000E-02	
4.48000000E+02	3.00000000E-01	1.17960000E-02	
4.48000000E+02	4.00000000E-01	1.17820000E-02	
4.48000000E+02	5.00000000E-01	1.17680000E-02	
4.48000000E+02	6.00000000E-01	1.17540000E-02	
4.48000000E+02	7.00000000E-01	1.17390000E-02	
4.48000000E+02	8.00000000E-01	1.17240000E-02	
4.48000000E+02	9.00000000E-01	1.17090000E-02	
4.48000000E+02	1.00000000E+00	1.16930000E-02	
4.65000000E+02	0.00000000E+00	1.16660000E-02	
4.65000000E+02	1.00000000E-01	1.16530000E-02	
4.65000000E+02	2.00000000E-01	1.16400000E-02	
4.65000000E+02	3.00000000E-01	1.16260000E-02	
4.65000000E+02	4.00000000E-01	1.16130000E-02	
4.65000000E+02	5.00000000E-01	1.15990000E-02	
4.65000000E+02	6.00000000E-01	1.15840000E-02	
4.65000000E+02	7.00000000E-01	1.15700000E-02	
4.65000000E+02	8.00000000E-01	1.15550000E-02	
4.65000000E+02	9.00000000E-01	1.15400000E-02	
4.65000000E+02	1.00000000E+00	1.15250000E-02	
4.82000000E+02	0.00000000E+00	1.15010000E-02	
4.82000000E+02	1.00000000E-01	1.14880000E-02	
4.82000000E+02	2.00000000E-01	1.14750000E-02	
4.82000000E+02	3.00000000E-01	1.14620000E-02	
4.82000000E+02	4.00000000E-01	1.14480000E-02	
4.82000000E+02	5.00000000E-01	1.14340000E-02	
4.82000000E+02	6.00000000E-01	1.14200000E-02	
4.82000000E+02	7.00000000E-01	1.14060000E-02	
4.82000000E+02	8.00000000E-01	1.13910000E-02	
4.82000000E+02	9.00000000E-01	1.13770000E-02	
4.82000000E+02	1.00000000E+00	1.13610000E-02	
4.99000000E+02	0.00000000E+00	1.13410000E-02	
4.99000000E+02	1.00000000E-01	1.13280000E-02	
4.99000000E+02	2.00000000E-01	1.13150000E-02	
4.99000000E+02	3.00000000E-01	1.13020000E-02	
4.99000000E+02	4.00000000E-01	1.12890000E-02	
4.99000000E+02	5.00000000E-01	1.12750000E-02	
4.99000000E+02	6.00000000E-01	1.12610000E-02	
4.99000000E+02	7.00000000E-01	1.12470000E-02	
4.99000000E+02	8.00000000E-01	1.12330000E-02	
4.99000000E+02	9.00000000E-01	1.12180000E-02	
4.99000000E+02	1.00000000E+00	1.12030000E-02	
5.17000000E+02	0.00000000E+00	1.11760000E-02	
5.17000000E+02	1.00000000E-01	1.11640000E-02	
5.17000000E+02	2.00000000E-01	1.11510000E-02	
5.17000000E+02	3.00000000E-01	1.11380000E-02	
5.17000000E+02	4.00000000E-01	1.11250000E-02	
5.17000000E+02	5.00000000E-01	1.11110000E-02	
5.17000000E+02	6.00000000E-01	1.10970000E-02	
5.17000000E+02	7.00000000E-01	1.10830000E-02	
5.17000000E+02	8.00000000E-01	1.10690000E-02	
5.17000000E+02	9.00000000E-01	1.10550000E-02	
5.17000000E+02	1.00000000E+00	1.10400000E-02	
5.36000000E+02	0.00000000E+00	1.10080000E-02	
5.36000000E+02	1.00000000E-01	1.09950000E-02	
5.36000000E+02	2.00000000E-01	1.09830000E-02	
5.36000000E+02	3.00000000E-01	1.09700000E-02	
5.36000000E+02	4.00000000E-01	1.09570000E-02	
5.36000000E+02	5.00000000E-01	1.09430000E-02	
5.36000000E+02	6.00000000E-01	1.09300000E-02	
5.36000000E+02	7.00000000E-01	1.09160000E-02	
5.36000000E+02	8.00000000E-01	1.09020000E-02	
5.36000000E+02	9.00000000E-01	1.08870000E-02	
5.36000000E+02	1.00000000E+00	1.08730000E-02	
5.55000000E+02	0.00000000E+00	1.08440000E-02	
5.55000000E+02	1.00000000E-01	1.08320000E-02	
5.55000000E+02	2.00000000E-01	1.08190000E-02	
5.55000000E+02	3.00000000E-01	1.08070000E-02	
5.55000000E+02	4.00000000E-01	1.07940000E-02	
5.55000000E+02	5.00000000E-01	1.07810000E-02	
5.55000000E+02	6.00000000E-01	1.07670000E-02	
5.55000000E+02	7.00000000E-01	1.07530000E-02	
5.55000000E+02	8.00000000E-01	1.07390000E-02	
5.55000000E+02	9.00000000E-01	1.07250000E-02	
5.55000000E+02	1.00000000E+00	1.07110000E-02	
5.75000000E+02	0.00000000E+00	1.06770000E-02	
5.75000000E+02	1.00000000E-01	1.06650000E-02	
5.75000000E+02	2.00000000E-01	1.06530000E-02	
5.75000000E+02	3.00000000E-01	1.06400000E-02	
5.75000000E+02	4.00000000E-01	1.06270000E-02	
5.75000000E+02	5.00000000E-01	1.06140000E-02	
5.75000000E+02	6.00000000E-01	1.06010000E-02	
5.75000000E+02	7.00000000E-01	1.05870000E-02	
5.75000000E+02	8.00000000E-01	1.05730000E-02	
5.75000000E+02	9.00000000E-01	1.05590000E-02	
5.75000000E+02	1.00000000E+00	1.05450000E-02	
5.95000000E+02	0.00000000E+00	1.05150000E-02	
5.95000000E+02	1.00000000E-01	1.05030000E-02	
5.95000000E+02	2.00000000E-01	1.04910000E-02	
5.95000000E+02	3.00000000E-01	1.04780000E-02	
5.95000000E+02	4.00000000E-01	1.04650000E-02	
5.95000000E+02	5.00000000E-01	1.04530000E-02	
5.95000000E+02	6.00000000E-01	1.04390000E-02	
5.95000000E+02	7.00000000E-01	1.04260000E-02	
5.95000000E+02	8.00000000E-01	1.04120000E-02	
5.95000000E+02	9.00000000E-01	1.03980000E-02	
5.95000000E+02	1.00000000E+00	1.03840000E-02	
6.15000000E+02	0.00000000E+00	1.03570000E-02	
6.15000000E+02	1.00000000E-01	1.03450000E-02	
6.15000000E+02	2.00000000E-01	1.03330000E-02	
6.15000000E+02	3.00000000E-01	1.03210000E-02	
6.15000000E+02	4.00000000E-01	1.03080000E-02	
6.15000000E+02	5.00000000E-01	1.02960000E-02	
6.15000000E+02	6.00000000E-01	1.02830000E-02	
6.15000000E+02	7.00000000E-01	1.02690000E-02	
6.15000000E+02	8.00000000E-01	1.02560000E-02	
6.15000000E+02	9.00000000E-01	1.02420000E-02	
6.15000000E+02	1.00000000E+00	1.02280000E-02	
6.37000000E+02	0.00000000E+00	1.01890000E-02	
6.37000000E+02	1.00000000E-01	1.01770000E-02	
6.37000000E+02	2.00000000E-01	1.01650000E-02	
6.37000000E+02	3.00000000E-01	1.01530000E-02	
6.37000000E+02	4.00000000E-01	1.01400000E-02	
6.37000000E+02	5.00000000E-01	1.01280000E-02	
6.37000000E+02	6.00000000E-01	1.01150000E-02	
6.37000000E+02	7.00000000E-01	1.01020000E-02	
6.37000000E+02	8.00000000E-01	1.00880000E-02	
6.37000000E+02	9.00000000E-01	1.00750000E-02	
6.37000000E+02	1.00000000E+00	1.00610000E-02	
6.58000000E+02	0.00000000E+00	1.00320000E-02	
6.58000000E+02	1.00000000E-01	1.00210000E-02	
6.58000000E+02	2.00000000E-01	1.00090000E-02	
6.58000000E+02	3.00000000E-01	9.99680000E-03	
6.58000000E+02	4.00000000E-01	9.98460000E-03	
6.58000000E+02	5.00000000E-01	9.97210000E-03	
6.58000000E+02	6.00000000E-01	9.95940000E-03	
6.58000000E+02	7.00000000E-01	9.94640000E-03	
6.58000000E+02	8.00000000E-01	9.93320000E-03	
6.58000000E+02	9.00000000E-01	9.91980000E-03	
6.58000000E+02	1.00000000E+00	9.90600000E-03	
6.81000000E+02	0.00000000E+00	9.86590000E-03	
6.81000000E+02	1.00000000E-01	9.85450000E-03	
6.81000000E+02	2.00000000E-01	9.84280000E-03	
6.81000000E+02	3.00000000E-01	9.83090000E-03	
6.81000000E+02	4.00000000E-01	9.81880000E-03	
6.81000000E+02	5.00000000E-01	9.80640000E-03	
6.81000000E+02	6.00000000E-01	9.79390000E-03	
6.81000000E+02	7.00000000E-01	9.78100000E-03	
6.81000000E+02	8.00000000E-01	9.76800000E-03	
6.81000000E+02	9.00000000E-01	9.75470000E-03	
6.81000000E+02	1.00000000E+00	9.74110000E-03	
7.03000000E+02	0.00000000E+00	9.71120000E-03	
7.03000000E+02	1.00000000E-01	9.69990000E-03	
7.03000000E+02	2.00000000E-01	9.68830000E-03	
7.03000000E+02	3.00000000E-01	9.67660000E-03	
7.03000000E+02	4.00000000E-01	9.66460000E-03	
7.03000000E+02	5.00000000E-01	9.65240000E-03	
7.03000000E+02	6.00000000E-01	9.64000000E-03	
7.03000000E+02	7.00000000E-01	9.62730000E-03	
7.03000000E+02	8.00000000E-01	9.61440000E-03	
7.03000000E+02	9.00000000E-01	9.60120000E-03	
7.03000000E+02	1.00000000E+00	9.58780000E-03	
7.27000000E+02	0.00000000E+00	9.54720000E-03	
7.27000000E+02	1.00000000E-01	9.53590000E-03	
7.27000000E+02	2.00000000E-01	9.52450000E-03	
7.27000000E+02	3.00000000E-01	9.51290000E-03	
7.27000000E+02	4.00000000E-01	9.50100000E-03	
7.27000000E+02	5.00000000E-01	9.48900000E-03	
7.27000000E+02	6.00000000E-01	9.47670000E-03	
7.27000000E+02	7.00000000E-01	9.46420000E-03	
7.27000000E+02	8.00000000E-01	9.45140000E-03	
7.27000000E+02	9.00000000E-01	9.43840000E-03	
7.27000000E+02	1.00000000E+00	9.42520000E-03	
7.51000000E+02	0.00000000E+00	9.38770000E-03	
7.51000000E+02	1.00000000E-01	9.37660000E-03	
7.51000000E+02	2.00000000E-01	9.36530000E-03	
7.51000000E+02	3.00000000E-01	9.35380000E-03	
7.51000000E+02	4.00000000E-01	9.34210000E-03	
7.51000000E+02	5.00000000E-01	9.33010000E-03	
7.51000000E+02	6.00000000E-01	9.31800000E-03	
7.51000000E+02	7.00000000E-01	9.30560000E-03	
7.51000000E+02	8.00000000E-01	9.29300000E-03	
7.51000000E+02	9.00000000E-01	9.28020000E-03	
7.51000000E+02	1.00000000E+00	9.26710000E-03	
7.75000000E+02	0.00000000E+00	9.23250000E-03	
7.75000000E+02	1.00000000E-01	9.22150000E-03	
7.75000000E+02	2.00000000E-01	9.21030000E-03	
7.75000000E+02	3.00000000E-01	9.19900000E-03	
7.75000000E+02	4.00000000E-01	9.18740000E-03	
7.75000000E+02	5.00000000E-01	9.17560000E-03	
7.75000000E+02	6.00000000E-01	9.16360000E-03	
7.75000000E+02	7.00000000E-01	9.15130000E-03	
7.75000000E+02	8.00000000E-01	9.13890000E-03	
7.75000000E+02	9.00000000E-01	9.12620000E-03	
7.75000000E+02	1.00000000E+00	9.11330000E-03	
8.01000000E+02	0.00000000E+00	9.06900000E-03	
8.01000000E+02	1.00000000E-01	9.05810000E-03	
8.01000000E+02	2.00000000E-01	9.04710000E-03	
8.01000000E+02	3.00000000E-01	9.03580000E-03	
8.01000000E+02	4.00000000E-01	9.02440000E-03	
8.01000000E+02	5.00000000E-01	9.01280000E-03	
8.01000000E+02	6.00000000E-01	9.00090000E-03	
8.01000000E+02	7.00000000E-01	8.98880000E-03	
8.01000000E+02	8.00000000E-01	8.97650000E-03	
8.01000000E+02	9.00000000E-01	8.96400000E-03	
8.01000000E+02	1.00000000E+00	8.95120000E-03	
8.27000000E+02	0.00000000E+00	8.91000000E-03	
8.27000000E+02	1.00000000E-01	8.89930000E-03	
8.27000000E+02	2.00000000E-01	8.88830000E-03	
8.27000000E+02	3.00000000E-01	8.87720000E-03	
8.27000000E+02	4.00000000E-01	8.86590000E-03	
8.27000000E+02	5.00000000E-01	8.85440000E-03	
8.27000000E+02	6.00000000E-01	8.84270000E-03	
8.27000000E+02	7.00000000E-01	8.83080000E-03	
8.27000000E+02	8.00000000E-01	8.81860000E-03	
8.27000000E+02	9.00000000E-01	8.80630000E-03	
8.27000000E+02	1.00000000E+00	8.79360000E-03	
8.53000000E+02	0.00000000E+00	8.75530000E-03	
8.53000000E+02	1.00000000E-01	8.74470000E-03	
8.53000000E+02	2.00000000E-01	8.73390000E-03	
8.53000000E+02	3.00000000E-01	8.72290000E-03	
8.53000000E+02	4.00000000E-01	8.71170000E-03	
8.53000000E+02	5.00000000E-01	8.70030000E-03	
8.53000000E+02	6.00000000E-01	8.68880000E-03	
8.53000000E+02	7.00000000E-01	8.67700000E-03	
8.53000000E+02	8.00000000E-01	8.66500000E-03	
8.53000000E+02	9.00000000E-01	8.65280000E-03	
8.53000000E+02	1.00000000E+00	8.64030000E-03	
8.80000000E+02	0.00000000E+00	8.59890000E-03	
8.80000000E+02	1.00000000E-01	8.58840000E-03	
8.80000000E+02	2.00000000E-01	8.57770000E-03	
8.80000000E+02	3.00000000E-01	8.56690000E-03	
8.80000000E+02	4.00000000E-01	8.55580000E-03	
8.80000000E+02	5.00000000E-01	8.54460000E-03	
8.80000000E+02	6.00000000E-01	8.53310000E-03	
8.80000000E+02	7.00000000E-01	8.52150000E-03	
8.80000000E+02	8.00000000E-01	8.50960000E-03	
8.80000000E+02	9.00000000E-01	8.49760000E-03	
8.80000000E+02	1.00000000E+00	8.48530000E-03	
9.08000000E+02	0.00000000E+00	8.44100000E-03	
9.08000000E+02	1.00000000E-01	8.43070000E-03	
9.08000000E+02	2.00000000E-01	8.42010000E-03	
9.08000000E+02	3.00000000E-01	8.40940000E-03	
9.08000000E+02	4.00000000E-01	8.39850000E-03	
9.08000000E+02	5.00000000E-01	8.38740000E-03	
9.08000000E+02	6.00000000E-01	8.37610000E-03	
9.08000000E+02	7.00000000E-01	8.36460000E-03	
9.08000000E+02	8.00000000E-01	8.35290000E-03	
9.08000000E+02	9.00000000E-01	8.34100000E-03	
9.08000000E+02	1.00000000E+00	8.32880000E-03	
9.36000000E+02	0.00000000E+00	8.28730000E-03	
9.36000000E+02	1.00000000E-01	8.27710000E-03	
9.36000000E+02	2.00000000E-01	8.26670000E-03	
9.36000000E+02	3.00000000E-01	8.25610000E-03	
9.36000000E+02	4.00000000E-01	8.24530000E-03	
9.36000000E+02	5.00000000E-01	8.23440000E-03	
9.36000000E+02	6.00000000E-01	8.22320000E-03	
9.36000000E+02	7.00000000E-01	8.21190000E-03	
9.36000000E+02	8.00000000E-01	8.20030000E-03	
9.36000000E+02	9.00000000E-01	8.18850000E-03	
9.36000000E+02	1.00000000E+00	8.17660000E-03	
9.65000000E+02	0.00000000E+00	8.13240000E-03	
9.65000000E+02	1.00000000E-01	8.12230000E-03	
9.65000000E+02	2.00000000E-01	8.11200000E-03	
9.65000000E+02	3.00000000E-01	8.10150000E-03	
9.65000000E+02	4.00000000E-01	8.09090000E-03	
9.65000000E+02	5.00000000E-01	8.08010000E-03	
9.65000000E+02	6.00000000E-01	8.06900000E-03	
9.65000000E+02	7.00000000E-01	8.05780000E-03	
9.65000000E+02	8.00000000E-01	8.04640000E-03	
9.65000000E+02	9.00000000E-01	8.03480000E-03	
9.65000000E+02	1.00000000E+00	8.02300000E-03	
9.95000000E+02	0.00000000E+00	7.97630000E-03	
9.95000000E+02	1.00000000E-01	7.96630000E-03	
9.95000000E+02	2.00000000E-01	7.95620000E-03	
9.95000000E+02	3.00000000E-01	7.94580000E-03	
9.95000000E+02	4.00000000E-01	7.93530000E-03	
9.95000000E+02	5.00000000E-01	7.92460000E-03	
9.95000000E+02	6.00000000E-01	7.91380000E-03	
9.95000000E+02	7.00000000E-01	7.90270000E-03	
9.95000000E+02	8.00000000E-01	7.89140000E-03	
9.95000000E+02	9.00000000E-01	7.88000000E-03	
9.95000000E+02	1.00000000E+00	7.86830000E-03	
1.03000000E+03	0.00000000E+00	7.79940000E-03	
1.03000000E+03	1.00000000E-01	7.78950000E-03	
1.03000000E+03	2.00000000E-01	7.77950000E-03	
1.03000000E+03	3.00000000E-01	7.76930000E-03	
1.03000000E+03	4.00000000E-01	7.75900000E-03	
1.03000000E+03	5.00000000E-01	7.74840000E-03	
1.03000000E+03	6.00000000E-01	7.73770000E-03	
1.03000000E+03	7.00000000E-01	7.72680000E-03	
1.03000000E+03	8.00000000E-01	7.71570000E-03	
1.03000000E+03	9.00000000E-01	7.70440000E-03	
1.03000000E+03	1.00000000E+00	7.69290000E-03	
1.06000000E+03	0.00000000E+00	7.65190000E-03	
1.06000000E+03	1.00000000E-01	7.64220000E-03	
1.06000000E+03	2.00000000E-01	7.63230000E-03	
1.06000000E+03	3.00000000E-01	7.62220000E-03	
1.06000000E+03	4.00000000E-01	7.61200000E-03	
1.06000000E+03	5.00000000E-01	7.60160000E-03	
1.06000000E+03	6.00000000E-01	7.59100000E-03	
1.06000000E+03	7.00000000E-01	7.58020000E-03	
1.06000000E+03	8.00000000E-01	7.56930000E-03	
1.06000000E+03	9.00000000E-01	7.55810000E-03	
1.06000000E+03	1.00000000E+00	7.54680000E-03	
1.09000000E+03	0.00000000E+00	7.50800000E-03	
1.09000000E+03	1.00000000E-01	7.49840000E-03	
1.09000000E+03	2.00000000E-01	7.48870000E-03	
1.09000000E+03	3.00000000E-01	7.47870000E-03	
1.09000000E+03	4.00000000E-01	7.46860000E-03	
1.09000000E+03	5.00000000E-01	7.45830000E-03	
1.09000000E+03	6.00000000E-01	7.44790000E-03	
1.09000000E+03	7.00000000E-01	7.43730000E-03	
1.09000000E+03	8.00000000E-01	7.42640000E-03	
1.09000000E+03	9.00000000E-01	7.41550000E-03	
1.09000000E+03	1.00000000E+00	7.40430000E-03	
1.12000000E+03	0.00000000E+00	7.36770000E-03	
1.12000000E+03	1.00000000E-01	7.35820000E-03	
1.12000000E+03	2.00000000E-01	7.34850000E-03	
1.12000000E+03	3.00000000E-01	7.33870000E-03	
1.12000000E+03	4.00000000E-01	7.32870000E-03	
1.12000000E+03	5.00000000E-01	7.31860000E-03	
1.12000000E+03	6.00000000E-01	7.30820000E-03	
1.12000000E+03	7.00000000E-01	7.29770000E-03	
1.12000000E+03	8.00000000E-01	7.28710000E-03	
1.12000000E+03	9.00000000E-01	7.27620000E-03	
1.12000000E+03	1.00000000E+00	7.26520000E-03	
1.15000000E+03	0.00000000E+00	7.23060000E-03	
1.15000000E+03	1.00000000E-01	7.22120000E-03	
1.15000000E+03	2.00000000E-01	7.21170000E-03	
1.15000000E+03	3.00000000E-01	7.20200000E-03	
1.15000000E+03	4.00000000E-01	7.19210000E-03	
1.15000000E+03	5.00000000E-01	7.18210000E-03	
1.15000000E+03	6.00000000E-01	7.17190000E-03	
1.15000000E+03	7.00000000E-01	7.16150000E-03	
1.15000000E+03	8.00000000E-01	7.15100000E-03	
1.15000000E+03	9.00000000E-01	7.14030000E-03	
1.15000000E+03	1.00000000E+00	7.12940000E-03	
1.19000000E+03	0.00000000E+00	7.05270000E-03	
1.19000000E+03	1.00000000E-01	7.04350000E-03	
1.19000000E+03	2.00000000E-01	7.03410000E-03	
1.19000000E+03	3.00000000E-01	7.02460000E-03	
1.19000000E+03	4.00000000E-01	7.01490000E-03	
1.19000000E+03	5.00000000E-01	7.00500000E-03	
1.19000000E+03	6.00000000E-01	6.99500000E-03	
1.19000000E+03	7.00000000E-01	6.98480000E-03	
1.19000000E+03	8.00000000E-01	6.97440000E-03	
1.19000000E+03	9.00000000E-01	6.96390000E-03	
1.19000000E+03	1.00000000E+00	6.95310000E-03	
1.22000000E+03	0.00000000E+00	6.92280000E-03	
1.22000000E+03	1.00000000E-01	6.91370000E-03	
1.22000000E+03	2.00000000E-01	6.90440000E-03	
1.22000000E+03	3.00000000E-01	6.89500000E-03	
1.22000000E+03	4.00000000E-01	6.88540000E-03	
1.22000000E+03	5.00000000E-01	6.87560000E-03	
1.22000000E+03	6.00000000E-01	6.86570000E-03	
1.22000000E+03	7.00000000E-01	6.85570000E-03	
1.22000000E+03	8.00000000E-01	6.84540000E-03	
1.22000000E+03	9.00000000E-01	6.83500000E-03	
1.22000000E+03	1.00000000E+00	6.82440000E-03	
1.26000000E+03	0.00000000E+00	6.75400000E-03	
1.26000000E+03	1.00000000E-01	6.74500000E-03	
1.26000000E+03	2.00000000E-01	6.73590000E-03	
1.26000000E+03	3.00000000E-01	6.72660000E-03	
1.26000000E+03	4.00000000E-01	6.71720000E-03	
1.26000000E+03	5.00000000E-01	6.70760000E-03	
1.26000000E+03	6.00000000E-01	6.69780000E-03	
1.26000000E+03	7.00000000E-01	6.68790000E-03	
1.26000000E+03	8.00000000E-01	6.67780000E-03	
1.26000000E+03	9.00000000E-01	6.66760000E-03	
1.26000000E+03	1.00000000E+00	6.65720000E-03	
1.29000000E+03	0.00000000E+00	6.63060000E-03	
1.29000000E+03	1.00000000E-01	6.62170000E-03	
1.29000000E+03	2.00000000E-01	6.61260000E-03	
1.29000000E+03	3.00000000E-01	6.60350000E-03	
1.29000000E+03	4.00000000E-01	6.59410000E-03	
1.29000000E+03	5.00000000E-01	6.58460000E-03	
1.29000000E+03	6.00000000E-01	6.57500000E-03	
1.29000000E+03	7.00000000E-01	6.56520000E-03	
1.29000000E+03	8.00000000E-01	6.55530000E-03	
1.29000000E+03	9.00000000E-01	6.54520000E-03	
1.29000000E+03	1.00000000E+00	6.53490000E-03	
1.33000000E+03	0.00000000E+00	6.46990000E-03	
1.33000000E+03	1.00000000E-01	6.46120000E-03	
1.33000000E+03	2.00000000E-01	6.45230000E-03	
1.33000000E+03	3.00000000E-01	6.44330000E-03	
1.33000000E+03	4.00000000E-01	6.43410000E-03	
1.33000000E+03	5.00000000E-01	6.42470000E-03	
1.33000000E+03	6.00000000E-01	6.41530000E-03	
1.33000000E+03	7.00000000E-01	6.40560000E-03	
1.33000000E+03	8.00000000E-01	6.39580000E-03	
1.33000000E+03	9.00000000E-01	6.38590000E-03	
1.33000000E+03	1.00000000E+00	6.37580000E-03	
1.37000000E+03	0.00000000E+00	6.31370000E-03	
1.37000000E+03	1.00000000E-01	6.30500000E-03	
1.37000000E+03	2.00000000E-01	6.29630000E-03	
1.37000000E+03	3.00000000E-01	6.28740000E-03	
1.37000000E+03	4.00000000E-01	6.27830000E-03	
1.37000000E+03	5.00000000E-01	6.26920000E-03	
1.37000000E+03	6.00000000E-01	6.25980000E-03	
1.37000000E+03	7.00000000E-01	6.25030000E-03	
1.37000000E+03	8.00000000E-01	6.24070000E-03	
1.37000000E+03	9.00000000E-01	6.23090000E-03	
1.37000000E+03	1.00000000E+00	6.22100000E-03	
1.41000000E+03	0.00000000E+00	6.16150000E-03	
1.41000000E+03	1.00000000E-01	6.15300000E-03	
1.41000000E+03	2.00000000E-01	6.14440000E-03	
1.41000000E+03	3.00000000E-01	6.13560000E-03	
1.41000000E+03	4.00000000E-01	6.12670000E-03	
1.41000000E+03	5.00000000E-01	6.11770000E-03	
1.41000000E+03	6.00000000E-01	6.10850000E-03	
1.41000000E+03	7.00000000E-01	6.09920000E-03	
1.41000000E+03	8.00000000E-01	6.08970000E-03	
1.41000000E+03	9.00000000E-01	6.08010000E-03	
1.41000000E+03	1.00000000E+00	6.07030000E-03	
1.45000000E+03	0.00000000E+00	6.01330000E-03	
1.45000000E+03	1.00000000E-01	6.00490000E-03	
1.45000000E+03	2.00000000E-01	5.99640000E-03	
1.45000000E+03	3.00000000E-01	5.98780000E-03	
1.45000000E+03	4.00000000E-01	5.97900000E-03	
1.45000000E+03	5.00000000E-01	5.97010000E-03	
1.45000000E+03	6.00000000E-01	5.96110000E-03	
1.45000000E+03	7.00000000E-01	5.95190000E-03	
1.45000000E+03	8.00000000E-01	5.94260000E-03	
1.45000000E+03	9.00000000E-01	5.93310000E-03	
1.45000000E+03	1.00000000E+00	5.92350000E-03	
1.49000000E+03	0.00000000E+00	5.86880000E-03	
1.49000000E+03	1.00000000E-01	5.86050000E-03	
1.49000000E+03	2.00000000E-01	5.85220000E-03	
1.49000000E+03	3.00000000E-01	5.84370000E-03	
1.49000000E+03	4.00000000E-01	5.83500000E-03	
1.49000000E+03	5.00000000E-01	5.82630000E-03	
1.49000000E+03	6.00000000E-01	5.81740000E-03	
1.49000000E+03	7.00000000E-01	5.80830000E-03	
1.49000000E+03	8.00000000E-01	5.79920000E-03	
1.49000000E+03	9.00000000E-01	5.78980000E-03	
1.49000000E+03	1.00000000E+00	5.78040000E-03	
1.53000000E+03	0.00000000E+00	5.72780000E-03	
1.53000000E+03	1.00000000E-01	5.71970000E-03	
1.53000000E+03	2.00000000E-01	5.71150000E-03	
1.53000000E+03	3.00000000E-01	5.70310000E-03	
1.53000000E+03	4.00000000E-01	5.69460000E-03	
1.53000000E+03	5.00000000E-01	5.68600000E-03	
1.53000000E+03	6.00000000E-01	5.67720000E-03	
1.53000000E+03	7.00000000E-01	5.66830000E-03	
1.53000000E+03	8.00000000E-01	5.65930000E-03	
1.53000000E+03	9.00000000E-01	5.65010000E-03	
1.53000000E+03	1.00000000E+00	5.64080000E-03	
1.57000000E+03	0.00000000E+00	5.59030000E-03	
1.57000000E+03	1.00000000E-01	5.58230000E-03	
1.57000000E+03	2.00000000E-01	5.57420000E-03	
1.57000000E+03	3.00000000E-01	5.56590000E-03	
1.57000000E+03	4.00000000E-01	5.55760000E-03	
1.57000000E+03	5.00000000E-01	5.54910000E-03	
1.57000000E+03	6.00000000E-01	5.54050000E-03	
1.57000000E+03	7.00000000E-01	5.53170000E-03	
1.57000000E+03	8.00000000E-01	5.52280000E-03	
1.57000000E+03	9.00000000E-01	5.51380000E-03	
1.57000000E+03	1.00000000E+00	5.50460000E-03	
1.61000000E+03	0.00000000E+00	5.45600000E-03	
1.61000000E+03	1.00000000E-01	5.44810000E-03	
1.61000000E+03	2.00000000E-01	5.44010000E-03	
1.61000000E+03	3.00000000E-01	5.43200000E-03	
1.61000000E+03	4.00000000E-01	5.42380000E-03	
1.61000000E+03	5.00000000E-01	5.41540000E-03	
1.61000000E+03	6.00000000E-01	5.40690000E-03	
1.61000000E+03	7.00000000E-01	5.39830000E-03	
1.61000000E+03	8.00000000E-01	5.38960000E-03	
1.61000000E+03	9.00000000E-01	5.38070000E-03	
1.61000000E+03	1.00000000E+00	5.37170000E-03	
1.66000000E+03	0.00000000E+00	5.29250000E-03	
1.66000000E+03	1.00000000E-01	5.28480000E-03	
1.66000000E+03	2.00000000E-01	5.27690000E-03	
1.66000000E+03	3.00000000E-01	5.26900000E-03	
1.66000000E+03	4.00000000E-01	5.26090000E-03	
1.66000000E+03	5.00000000E-01	5.25270000E-03	
1.66000000E+03	6.00000000E-01	5.24440000E-03	
1.66000000E+03	7.00000000E-01	5.23590000E-03	
1.66000000E+03	8.00000000E-01	5.22730000E-03	
1.66000000E+03	9.00000000E-01	5.21860000E-03	
1.66000000E+03	1.00000000E+00	5.20980000E-03	
1.70000000E+03	0.00000000E+00	5.16510000E-03	
1.70000000E+03	1.00000000E-01	5.15740000E-03	
1.70000000E+03	2.00000000E-01	5.14970000E-03	
1.70000000E+03	3.00000000E-01	5.14190000E-03	
1.70000000E+03	4.00000000E-01	5.13390000E-03	
1.70000000E+03	5.00000000E-01	5.12580000E-03	
1.70000000E+03	6.00000000E-01	5.11760000E-03	
1.70000000E+03	7.00000000E-01	5.10930000E-03	
1.70000000E+03	8.00000000E-01	5.10090000E-03	
1.70000000E+03	9.00000000E-01	5.09230000E-03	
1.70000000E+03	1.00000000E+00	5.08360000E-03	
1.75000000E+03	0.00000000E+00	5.00970000E-03	
1.75000000E+03	1.00000000E-01	5.00220000E-03	
1.75000000E+03	2.00000000E-01	4.99460000E-03	
1.75000000E+03	3.00000000E-01	4.98690000E-03	
1.75000000E+03	4.00000000E-01	4.97910000E-03	
1.75000000E+03	5.00000000E-01	4.97120000E-03	
1.75000000E+03	6.00000000E-01	4.96320000E-03	
1.75000000E+03	7.00000000E-01	4.95500000E-03	
1.75000000E+03	8.00000000E-01	4.94680000E-03	
1.75000000E+03	9.00000000E-01	4.93840000E-03	
1.75000000E+03	1.00000000E+00	4.92980000E-03	
1.79000000E+03	0.00000000E+00	4.88850000E-03	
1.79000000E+03	1.00000000E-01	4.88110000E-03	
1.79000000E+03	2.00000000E-01	4.87360000E-03	
1.79000000E+03	3.00000000E-01	4.86610000E-03	
1.79000000E+03	4.00000000E-01	4.85840000E-03	
1.79000000E+03	5.00000000E-01	4.85060000E-03	
1.79000000E+03	6.00000000E-01	4.84270000E-03	
1.79000000E+03	7.00000000E-01	4.83460000E-03	
1.79000000E+03	8.00000000E-01	4.82650000E-03	
1.79000000E+03	9.00000000E-01	4.81820000E-03	
1.79000000E+03	1.00000000E+00	4.80980000E-03	
1.84000000E+03	0.00000000E+00	4.74060000E-03	
1.84000000E+03	1.00000000E-01	4.73330000E-03	
1.84000000E+03	2.00000000E-01	4.72600000E-03	
1.84000000E+03	3.00000000E-01	4.71860000E-03	
1.84000000E+03	4.00000000E-01	4.71100000E-03	
1.84000000E+03	5.00000000E-01	4.70340000E-03	
1.84000000E+03	6.00000000E-01	4.69560000E-03	
1.84000000E+03	7.00000000E-01	4.68770000E-03	
1.84000000E+03	8.00000000E-01	4.67980000E-03	
1.84000000E+03	9.00000000E-01	4.67170000E-03	
1.84000000E+03	1.00000000E+00	4.66350000E-03	
1.89000000E+03	0.00000000E+00	4.59650000E-03	
1.89000000E+03	1.00000000E-01	4.58940000E-03	
1.89000000E+03	2.00000000E-01	4.58220000E-03	
1.89000000E+03	3.00000000E-01	4.57490000E-03	
1.89000000E+03	4.00000000E-01	4.56750000E-03	
1.89000000E+03	5.00000000E-01	4.56000000E-03	
1.89000000E+03	6.00000000E-01	4.55240000E-03	
1.89000000E+03	7.00000000E-01	4.54470000E-03	
1.89000000E+03	8.00000000E-01	4.53690000E-03	
1.89000000E+03	9.00000000E-01	4.52900000E-03	
1.89000000E+03	1.00000000E+00	4.52090000E-03	
1.94000000E+03	0.00000000E+00	4.45620000E-03	
1.94000000E+03	1.00000000E-01	4.44920000E-03	
1.94000000E+03	2.00000000E-01	4.44220000E-03	
1.94000000E+03	3.00000000E-01	4.43500000E-03	
1.94000000E+03	4.00000000E-01	4.42770000E-03	
1.94000000E+03	5.00000000E-01	4.42040000E-03	
1.94000000E+03	6.00000000E-01	4.41290000E-03	
1.94000000E+03	7.00000000E-01	4.40540000E-03	
1.94000000E+03	8.00000000E-01	4.39770000E-03	
1.94000000E+03	9.00000000E-01	4.38990000E-03	
1.94000000E+03	1.00000000E+00	4.38210000E-03	
1.99000000E+03	0.00000000E+00	4.31940000E-03	
1.99000000E+03	1.00000000E-01	4.31250000E-03	
1.99000000E+03	2.00000000E-01	4.30560000E-03	
1.99000000E+03	3.00000000E-01	4.29860000E-03	
1.99000000E+03	4.00000000E-01	4.29150000E-03	
1.99000000E+03	5.00000000E-01	4.28430000E-03	
1.99000000E+03	6.00000000E-01	4.27700000E-03	
1.99000000E+03	7.00000000E-01	4.26960000E-03	
1.99000000E+03	8.00000000E-01	4.26200000E-03	
1.99000000E+03	9.00000000E-01	4.25440000E-03	
1.99000000E+03	1.00000000E+00	4.24670000E-03	
2.04000000E+03	0.00000000E+00	4.18600000E-03	
2.04000000E+03	1.00000000E-01	4.17930000E-03	
2.04000000E+03	2.00000000E-01	4.17250000E-03	
2.04000000E+03	3.00000000E-01	4.16560000E-03	
2.04000000E+03	4.00000000E-01	4.15860000E-03	
2.04000000E+03	5.00000000E-01	4.15150000E-03	
2.04000000E+03	6.00000000E-01	4.14440000E-03	
2.04000000E+03	7.00000000E-01	4.13710000E-03	
2.04000000E+03	8.00000000E-01	4.12980000E-03	
2.04000000E+03	9.00000000E-01	4.12230000E-03	
2.04000000E+03	1.00000000E+00	4.11470000E-03	
2.09000000E+03	0.00000000E+00	4.05580000E-03	
2.09000000E+03	1.00000000E-01	4.04920000E-03	
2.09000000E+03	2.00000000E-01	4.04260000E-03	
2.09000000E+03	3.00000000E-01	4.03580000E-03	
2.09000000E+03	4.00000000E-01	4.02900000E-03	
2.09000000E+03	5.00000000E-01	4.02210000E-03	
2.09000000E+03	6.00000000E-01	4.01500000E-03	
2.09000000E+03	7.00000000E-01	4.00790000E-03	
2.09000000E+03	8.00000000E-01	4.00070000E-03	
2.09000000E+03	9.00000000E-01	3.99340000E-03	
2.09000000E+03	1.00000000E+00	3.98600000E-03	
2.14000000E+03	0.00000000E+00	3.92880000E-03	
2.14000000E+03	1.00000000E-01	3.92230000E-03	
2.14000000E+03	2.00000000E-01	3.91580000E-03	
2.14000000E+03	3.00000000E-01	3.90920000E-03	
2.14000000E+03	4.00000000E-01	3.90250000E-03	
2.14000000E+03	5.00000000E-01	3.89570000E-03	
2.14000000E+03	6.00000000E-01	3.88880000E-03	
2.14000000E+03	7.00000000E-01	3.88180000E-03	
2.14000000E+03	8.00000000E-01	3.87480000E-03	
2.14000000E+03	9.00000000E-01	3.86760000E-03	
2.14000000E+03	1.00000000E+00	3.86040000E-03	
2.20000000E+03	0.00000000E+00	3.78030000E-03	
2.20000000E+03	1.00000000E-01	3.77400000E-03	
2.20000000E+03	2.00000000E-01	3.76760000E-03	
2.20000000E+03	3.00000000E-01	3.76110000E-03	
2.20000000E+03	4.00000000E-01	3.75460000E-03	
2.20000000E+03	5.00000000E-01	3.74800000E-03	
2.20000000E+03	6.00000000E-01	3.74130000E-03	
2.20000000E+03	7.00000000E-01	3.73450000E-03	
2.20000000E+03	8.00000000E-01	3.72760000E-03	
2.20000000E+03	9.00000000E-01	3.72060000E-03	
2.20000000E+03	1.00000000E+00	3.71350000E-03	
2.25000000E+03	0.00000000E+00	3.65970000E-03	
2.25000000E+03	1.00000000E-01	3.65350000E-03	
2.25000000E+03	2.00000000E-01	3.64730000E-03	
2.25000000E+03	3.00000000E-01	3.64090000E-03	
2.25000000E+03	4.00000000E-01	3.63450000E-03	
2.25000000E+03	5.00000000E-01	3.62800000E-03	
2.25000000E+03	6.00000000E-01	3.62150000E-03	
2.25000000E+03	7.00000000E-01	3.61480000E-03	
2.25000000E+03	8.00000000E-01	3.60810000E-03	
2.25000000E+03	9.00000000E-01	3.60120000E-03	
2.25000000E+03	1.00000000E+00	3.59430000E-03	
2.31000000E+03	0.00000000E+00	3.51870000E-03	
2.31000000E+03	1.00000000E-01	3.51260000E-03	
2.31000000E+03	2.00000000E-01	3.50650000E-03	
2.31000000E+03	3.00000000E-01	3.50040000E-03	
2.31000000E+03	4.00000000E-01	3.49410000E-03	
2.31000000E+03	5.00000000E-01	3.48780000E-03	
2.31000000E+03	6.00000000E-01	3.48140000E-03	
2.31000000E+03	7.00000000E-01	3.47490000E-03	
2.31000000E+03	8.00000000E-01	3.46830000E-03	
2.31000000E+03	9.00000000E-01	3.46160000E-03	
2.31000000E+03	1.00000000E+00	3.45490000E-03	
2.37000000E+03	0.00000000E+00	3.38140000E-03	
2.37000000E+03	1.00000000E-01	3.37560000E-03	
2.37000000E+03	2.00000000E-01	3.36960000E-03	
2.37000000E+03	3.00000000E-01	3.36360000E-03	
2.37000000E+03	4.00000000E-01	3.35750000E-03	
2.37000000E+03	5.00000000E-01	3.35130000E-03	
2.37000000E+03	6.00000000E-01	3.34500000E-03	
2.37000000E+03	7.00000000E-01	3.33870000E-03	
2.37000000E+03	8.00000000E-01	3.33230000E-03	
2.37000000E+03	9.00000000E-01	3.32580000E-03	
2.37000000E+03	1.00000000E+00	3.31930000E-03	
2.43000000E+03	0.00000000E+00	3.24790000E-03	
2.43000000E+03	1.00000000E-01	3.24220000E-03	
2.43000000E+03	2.00000000E-01	3.23630000E-03	
2.43000000E+03	3.00000000E-01	3.23050000E-03	
2.43000000E+03	4.00000000E-01	3.22450000E-03	
2.43000000E+03	5.00000000E-01	3.21850000E-03	
2.43000000E+03	6.00000000E-01	3.21240000E-03	
2.43000000E+03	7.00000000E-01	3.20620000E-03	
2.43000000E+03	8.00000000E-01	3.20000000E-03	
2.43000000E+03	9.00000000E-01	3.19370000E-03	
2.43000000E+03	1.00000000E+00	3.18730000E-03	
2.49000000E+03	0.00000000E+00	3.11790000E-03	
2.49000000E+03	1.00000000E-01	3.11230000E-03	
2.49000000E+03	2.00000000E-01	3.10660000E-03	
2.49000000E+03	3.00000000E-01	3.10090000E-03	
2.49000000E+03	4.00000000E-01	3.09510000E-03	
2.49000000E+03	5.00000000E-01	3.08920000E-03	
2.49000000E+03	6.00000000E-01	3.08330000E-03	
2.49000000E+03	7.00000000E-01	3.07730000E-03	
2.49000000E+03	8.00000000E-01	3.07120000E-03	
2.49000000E+03	9.00000000E-01	3.06500000E-03	
2.49000000E+03	1.00000000E+00	3.05880000E-03	
2.55000000E+03	0.00000000E+00	2.99120000E-03	
2.55000000E+03	1.00000000E-01	2.98580000E-03	
2.55000000E+03	2.00000000E-01	2.98030000E-03	
2.55000000E+03	3.00000000E-01	2.97470000E-03	
2.55000000E+03	4.00000000E-01	2.96900000E-03	
2.55000000E+03	5.00000000E-01	2.96330000E-03	
2.55000000E+03	6.00000000E-01	2.95750000E-03	
2.55000000E+03	7.00000000E-01	2.95170000E-03	
2.55000000E+03	8.00000000E-01	2.94580000E-03	
2.55000000E+03	9.00000000E-01	2.93980000E-03	
2.55000000E+03	1.00000000E+00	2.93370000E-03	
2.61000000E+03	0.00000000E+00	2.86790000E-03	
2.61000000E+03	1.00000000E-01	2.86260000E-03	
2.61000000E+03	2.00000000E-01	2.85720000E-03	
2.61000000E+03	3.00000000E-01	2.85170000E-03	
2.61000000E+03	4.00000000E-01	2.84620000E-03	
2.61000000E+03	5.00000000E-01	2.84070000E-03	
2.61000000E+03	6.00000000E-01	2.83500000E-03	
2.61000000E+03	7.00000000E-01	2.82930000E-03	
2.61000000E+03	8.00000000E-01	2.82360000E-03	
2.61000000E+03	9.00000000E-01	2.81780000E-03	
2.61000000E+03	1.00000000E+00	2.81190000E-03	
2.67000000E+03	0.00000000E+00	2.74770000E-03	
2.67000000E+03	1.00000000E-01	2.74250000E-03	
2.67000000E+03	2.00000000E-01	2.73730000E-03	
2.67000000E+03	3.00000000E-01	2.73200000E-03	
2.67000000E+03	4.00000000E-01	2.72660000E-03	
2.67000000E+03	5.00000000E-01	2.72120000E-03	
2.67000000E+03	6.00000000E-01	2.71570000E-03	
2.67000000E+03	7.00000000E-01	2.71020000E-03	
2.67000000E+03	8.00000000E-01	2.70460000E-03	
2.67000000E+03	9.00000000E-01	2.69890000E-03	
2.67000000E+03	1.00000000E+00	2.69310000E-03	
2.73000000E+03	0.00000000E+00	2.63050000E-03	
2.73000000E+03	1.00000000E-01	2.62550000E-03	
2.73000000E+03	2.00000000E-01	2.62040000E-03	
2.73000000E+03	3.00000000E-01	2.61520000E-03	
2.73000000E+03	4.00000000E-01	2.61000000E-03	
2.73000000E+03	5.00000000E-01	2.60470000E-03	
2.73000000E+03	6.00000000E-01	2.59940000E-03	
2.73000000E+03	7.00000000E-01	2.59400000E-03	
2.73000000E+03	8.00000000E-01	2.58860000E-03	
2.73000000E+03	9.00000000E-01	2.58300000E-03	
2.73000000E+03	1.00000000E+00	2.57750000E-03	
2.80000000E+03	0.00000000E+00	2.49760000E-03	
2.80000000E+03	1.00000000E-01	2.49270000E-03	
2.80000000E+03	2.00000000E-01	2.48770000E-03	
2.80000000E+03	3.00000000E-01	2.48270000E-03	
2.80000000E+03	4.00000000E-01	2.47770000E-03	
2.80000000E+03	5.00000000E-01	2.47260000E-03	
2.80000000E+03	6.00000000E-01	2.46740000E-03	
2.80000000E+03	7.00000000E-01	2.46220000E-03	
2.80000000E+03	8.00000000E-01	2.45700000E-03	
2.80000000E+03	9.00000000E-01	2.45160000E-03	
2.80000000E+03	1.00000000E+00	2.44620000E-03	
2.86000000E+03	0.00000000E+00	2.38670000E-03	
2.86000000E+03	1.00000000E-01	2.38200000E-03	
2.86000000E+03	2.00000000E-01	2.37710000E-03	
2.86000000E+03	3.00000000E-01	2.37230000E-03	
2.86000000E+03	4.00000000E-01	2.36740000E-03	
2.86000000E+03	5.00000000E-01	2.36240000E-03	
2.86000000E+03	6.00000000E-01	2.35740000E-03	
2.86000000E+03	7.00000000E-01	2.35230000E-03	
2.86000000E+03	8.00000000E-01	2.34720000E-03	
2.86000000E+03	9.00000000E-01	2.34200000E-03	
2.86000000E+03	1.00000000E+00	2.33680000E-03	
2.93000000E+03	0.00000000E+00	2.26080000E-03	
2.93000000E+03	1.00000000E-01	2.25620000E-03	
2.93000000E+03	2.00000000E-01	2.25160000E-03	
2.93000000E+03	3.00000000E-01	2.24690000E-03	
2.93000000E+03	4.00000000E-01	2.24210000E-03	
2.93000000E+03	5.00000000E-01	2.23730000E-03	
2.93000000E+03	6.00000000E-01	2.23250000E-03	
2.93000000E+03	7.00000000E-01	2.22760000E-03	
2.93000000E+03	8.00000000E-01	2.22270000E-03	
2.93000000E+03	9.00000000E-01	2.21770000E-03	
2.93000000E+03	1.00000000E+00	2.21260000E-03	
3.00000000E+03	0.00000000E+00	2.13860000E-03	
3.00000000E+03	1.00000000E-01	2.13420000E-03	
3.00000000E+03	2.00000000E-01	2.12970000E-03	
3.00000000E+03	3.00000000E-01	2.12510000E-03	
3.00000000E+03	4.00000000E-01	2.12050000E-03	
3.00000000E+03	5.00000000E-01	2.11590000E-03	
3.00000000E+03	6.00000000E-01	2.11120000E-03	
3.00000000E+03	7.00000000E-01	2.10650000E-03	
3.00000000E+03	8.00000000E-01	2.10170000E-03	
3.00000000E+03	9.00000000E-01	2.09690000E-03	
3.00000000E+03	1.00000000E+00	2.09200000E-03	
3.07000000E+03	0.00000000E+00	2.01990000E-03	
3.07000000E+03	1.00000000E-01	2.01560000E-03	
3.07000000E+03	2.00000000E-01	2.01120000E-03	
3.07000000E+03	3.00000000E-01	2.00690000E-03	
3.07000000E+03	4.00000000E-01	2.00240000E-03	
3.07000000E+03	5.00000000E-01	1.99800000E-03	
3.07000000E+03	6.00000000E-01	1.99340000E-03	
3.07000000E+03	7.00000000E-01	1.98890000E-03	
3.07000000E+03	8.00000000E-01	1.98430000E-03	
3.07000000E+03	9.00000000E-01	1.97960000E-03	
3.07000000E+03	1.00000000E+00	1.97490000E-03	
3.14000000E+03	0.00000000E+00	1.90460000E-03	
3.14000000E+03	1.00000000E-01	1.90040000E-03	
3.14000000E+03	2.00000000E-01	1.89620000E-03	
3.14000000E+03	3.00000000E-01	1.89200000E-03	
3.14000000E+03	4.00000000E-01	1.88770000E-03	
3.14000000E+03	5.00000000E-01	1.88340000E-03	
3.14000000E+03	6.00000000E-01	1.87910000E-03	
3.14000000E+03	7.00000000E-01	1.87470000E-03	
3.14000000E+03	8.00000000E-01	1.87030000E-03	
3.14000000E+03	9.00000000E-01	1.86580000E-03	
3.14000000E+03	1.00000000E+00	1.86130000E-03	
3.21000000E+03	0.00000000E+00	1.79260000E-03	
3.21000000E+03	1.00000000E-01	1.78860000E-03	
3.21000000E+03	2.00000000E-01	1.78450000E-03	
3.21000000E+03	3.00000000E-01	1.78050000E-03	
3.21000000E+03	4.00000000E-01	1.77630000E-03	
3.21000000E+03	5.00000000E-01	1.77220000E-03	
3.21000000E+03	6.00000000E-01	1.76800000E-03	
3.21000000E+03	7.00000000E-01	1.76380000E-03	
3.21000000E+03	8.00000000E-01	1.75950000E-03	
3.21000000E+03	9.00000000E-01	1.75520000E-03	
3.21000000E+03	1.00000000E+00	1.75090000E-03	
3.29000000E+03	0.00000000E+00	1.66850000E-03	
3.29000000E+03	1.00000000E-01	1.66470000E-03	
3.29000000E+03	2.00000000E-01	1.66080000E-03	
3.29000000E+03	3.00000000E-01	1.65690000E-03	
3.29000000E+03	4.00000000E-01	1.65300000E-03	
3.29000000E+03	5.00000000E-01	1.64900000E-03	
3.29000000E+03	6.00000000E-01	1.64500000E-03	
3.29000000E+03	7.00000000E-01	1.64100000E-03	
3.29000000E+03	8.00000000E-01	1.63690000E-03	
3.29000000E+03	9.00000000E-01	1.63280000E-03	
3.29000000E+03	1.00000000E+00	1.62860000E-03	
3.36000000E+03	0.00000000E+00	1.56330000E-03	
3.36000000E+03	1.00000000E-01	1.55970000E-03	
3.36000000E+03	2.00000000E-01	1.55590000E-03	
3.36000000E+03	3.00000000E-01	1.55220000E-03	
3.36000000E+03	4.00000000E-01	1.54840000E-03	
3.36000000E+03	5.00000000E-01	1.54460000E-03	
3.36000000E+03	6.00000000E-01	1.54080000E-03	
3.36000000E+03	7.00000000E-01	1.53690000E-03	
3.36000000E+03	8.00000000E-01	1.53300000E-03	
3.36000000E+03	9.00000000E-01	1.52900000E-03	
3.36000000E+03	1.00000000E+00	1.52500000E-03	
3.44000000E+03	0.00000000E+00	1.44690000E-03	
3.44000000E+03	1.00000000E-01	1.44340000E-03	
3.44000000E+03	2.00000000E-01	1.43980000E-03	
3.44000000E+03	3.00000000E-01	1.43620000E-03	
3.44000000E+03	4.00000000E-01	1.43260000E-03	
3.44000000E+03	5.00000000E-01	1.42900000E-03	
3.44000000E+03	6.00000000E-01	1.42530000E-03	
3.44000000E+03	7.00000000E-01	1.42160000E-03	
3.44000000E+03	8.00000000E-01	1.41790000E-03	
3.44000000E+03	9.00000000E-01	1.41420000E-03	
3.44000000E+03	1.00000000E+00	1.41040000E-03	
3.52000000E+03	0.00000000E+00	1.33430000E-03	
3.52000000E+03	1.00000000E-01	1.33100000E-03	
3.52000000E+03	2.00000000E-01	1.32760000E-03	
3.52000000E+03	3.00000000E-01	1.32420000E-03	
3.52000000E+03	4.00000000E-01	1.32070000E-03	
3.52000000E+03	5.00000000E-01	1.31730000E-03	
3.52000000E+03	6.00000000E-01	1.31380000E-03	
3.52000000E+03	7.00000000E-01	1.31030000E-03	
3.52000000E+03	8.00000000E-01	1.30680000E-03	
3.52000000E+03	9.00000000E-01	1.30320000E-03	
3.52000000E+03	1.00000000E+00	1.29960000E-03	
3.60000000E+03	0.00000000E+00	1.22560000E-03	
3.60000000E+03	1.00000000E-01	1.22240000E-03	
3.60000000E+03	2.00000000E-01	1.21920000E-03	
3.60000000E+03	3.00000000E-01	1.21590000E-03	
3.60000000E+03	4.00000000E-01	1.21270000E-03	
3.60000000E+03	5.00000000E-01	1.20940000E-03	
3.60000000E+03	6.00000000E-01	1.20610000E-03	
3.60000000E+03	7.00000000E-01	1.20280000E-03	
3.60000000E+03	8.00000000E-01	1.19940000E-03	
3.60000000E+03	9.00000000E-01	1.19600000E-03	
3.60000000E+03	1.00000000E+00	1.19260000E-03	
3.68000000E+03	0.00000000E+00	1.12050000E-03	
3.68000000E+03	1.00000000E-01	1.11750000E-03	
3.68000000E+03	2.00000000E-01	1.11450000E-03	
3.68000000E+03	3.00000000E-01	1.11140000E-03	
3.68000000E+03	4.00000000E-01	1.10830000E-03	
3.68000000E+03	5.00000000E-01	1.10520000E-03	
3.68000000E+03	6.00000000E-01	1.10210000E-03	
3.68000000E+03	7.00000000E-01	1.09900000E-03	
3.68000000E+03	8.00000000E-01	1.09580000E-03	
3.68000000E+03	9.00000000E-01	1.09260000E-03	
3.68000000E+03	1.00000000E+00	1.08940000E-03	
3.76000000E+03	0.00000000E+00	1.01920000E-03	
3.76000000E+03	1.00000000E-01	1.01640000E-03	
3.76000000E+03	2.00000000E-01	1.01350000E-03	
3.76000000E+03	3.00000000E-01	1.01060000E-03	
3.76000000E+03	4.00000000E-01	1.00770000E-03	
3.76000000E+03	5.00000000E-01	1.00480000E-03	
3.76000000E+03	6.00000000E-01	1.00180000E-03	
3.76000000E+03	7.00000000E-01	9.98840000E-04	
3.76000000E+03	8.00000000E-01	9.95840000E-04	
3.76000000E+03	9.00000000E-01	9.92830000E-04	
3.76000000E+03	1.00000000E+00	9.89790000E-04	
3.84000000E+03	0.00000000E+00	9.21530000E-04	
3.84000000E+03	1.00000000E-01	9.18840000E-04	
3.84000000E+03	2.00000000E-01	9.16140000E-04	
3.84000000E+03	3.00000000E-01	9.13410000E-04	
3.84000000E+03	4.00000000E-01	9.10670000E-04	
3.84000000E+03	5.00000000E-01	9.07920000E-04	
3.84000000E+03	6.00000000E-01	9.05140000E-04	
3.84000000E+03	7.00000000E-01	9.02350000E-04	
3.84000000E+03	8.00000000E-01	8.99540000E-04	
3.84000000E+03	9.00000000E-01	8.96710000E-04	
3.84000000E+03	1.00000000E+00	8.93850000E-04	
3.88000000E+03	0.00000000E+00	8.74030000E-04	
3.88000000E+03	1.00000000E-01	8.71430000E-04	
3.88000000E+03	2.00000000E-01	8.68810000E-04	
3.88000000E+03	3.00000000E-01	8.66170000E-04	
3.88000000E+03	4.00000000E-01	8.63520000E-04	
3.88000000E+03	5.00000000E-01	8.60850000E-04	
3.88000000E+03	6.00000000E-01	8.58160000E-04	
3.88000000E+03	7.00000000E-01	8.55450000E-04	
3.88000000E+03	8.00000000E-01	8.52730000E-04	
3.88000000E+03	9.00000000E-01	8.50000000E-04	
3.88000000E+03	1.00000000E+00	8.47240000E-04	
3.93000000E+03	0.00000000E+00	8.15930000E-04	
3.93000000E+03	1.00000000E-01	8.13430000E-04	
3.93000000E+03	2.00000000E-01	8.10910000E-04	
3.93000000E+03	3.00000000E-01	8.08380000E-04	
3.93000000E+03	4.00000000E-01	8.05830000E-04	
3.93000000E+03	5.00000000E-01	8.03270000E-04	
3.93000000E+03	6.00000000E-01	8.00690000E-04	
3.93000000E+03	7.00000000E-01	7.98100000E-04	
3.93000000E+03	8.00000000E-01	7.95490000E-04	
3.93000000E+03	9.00000000E-01	7.92870000E-04	
3.93000000E+03	1.00000000E+00	7.90220000E-04	
3.97000000E+03	0.00000000E+00	7.70450000E-04	
3.97000000E+03	1.00000000E-01	7.68030000E-04	
3.97000000E+03	2.00000000E-01	7.65600000E-04	
3.97000000E+03	3.00000000E-01	7.63150000E-04	
3.97000000E+03	4.00000000E-01	7.60690000E-04	
3.97000000E+03	5.00000000E-01	7.58210000E-04	
3.97000000E+03	6.00000000E-01	7.55720000E-04	
3.97000000E+03	7.00000000E-01	7.53220000E-04	
3.97000000E+03	8.00000000E-01	7.50700000E-04	
3.97000000E+03	9.00000000E-01	7.48170000E-04	
3.97000000E+03	1.00000000E+00	7.45620000E-04	
4.01000000E+03	0.00000000E+00	7.25860000E-04	
4.01000000E+03	1.00000000E-01	7.23530000E-04	
4.01000000E+03	2.00000000E-01	7.21180000E-04	
4.01000000E+03	3.00000000E-01	7.18820000E-04	
4.01000000E+03	4.00000000E-01	7.16440000E-04	
4.01000000E+03	5.00000000E-01	7.14050000E-04	
4.01000000E+03	6.00000000E-01	7.11650000E-04	
4.01000000E+03	7.00000000E-01	7.09240000E-04	
4.01000000E+03	8.00000000E-01	7.06810000E-04	
4.01000000E+03	9.00000000E-01	7.04370000E-04	
4.01000000E+03	1.00000000E+00	7.01920000E-04	
4.06000000E+03	0.00000000E+00	6.71390000E-04	
4.06000000E+03	1.00000000E-01	6.69160000E-04	
4.06000000E+03	2.00000000E-01	6.66920000E-04	
4.06000000E+03	3.00000000E-01	6.64660000E-04	
4.06000000E+03	4.00000000E-01	6.62390000E-04	
4.06000000E+03	5.00000000E-01	6.60110000E-04	
4.06000000E+03	6.00000000E-01	6.57820000E-04	
4.06000000E+03	7.00000000E-01	6.55520000E-04	
4.06000000E+03	8.00000000E-01	6.53200000E-04	
4.06000000E+03	9.00000000E-01	6.50880000E-04	
4.06000000E+03	1.00000000E+00	6.48550000E-04	
4.10000000E+03	0.00000000E+00	6.28820000E-04	
4.10000000E+03	1.00000000E-01	6.26670000E-04	
4.10000000E+03	2.00000000E-01	6.24510000E-04	
4.10000000E+03	3.00000000E-01	6.22340000E-04	
4.10000000E+03	4.00000000E-01	6.20160000E-04	
4.10000000E+03	5.00000000E-01	6.17970000E-04	
4.10000000E+03	6.00000000E-01	6.15770000E-04	
4.10000000E+03	7.00000000E-01	6.13550000E-04	
4.10000000E+03	8.00000000E-01	6.11330000E-04	
4.10000000E+03	9.00000000E-01	6.09100000E-04	
4.10000000E+03	1.00000000E+00	6.06850000E-04	
4.15000000E+03	0.00000000E+00	5.76880000E-04	
4.15000000E+03	1.00000000E-01	5.74830000E-04	
4.15000000E+03	2.00000000E-01	5.72780000E-04	
4.15000000E+03	3.00000000E-01	5.70720000E-04	
4.15000000E+03	4.00000000E-01	5.68640000E-04	
4.15000000E+03	5.00000000E-01	5.66560000E-04	
4.15000000E+03	6.00000000E-01	5.64470000E-04	
4.15000000E+03	7.00000000E-01	5.62370000E-04	
4.15000000E+03	8.00000000E-01	5.60260000E-04	
4.15000000E+03	9.00000000E-01	5.58140000E-04	
4.15000000E+03	1.00000000E+00	5.56010000E-04	
4.19000000E+03	0.00000000E+00	5.36340000E-04	
4.19000000E+03	1.00000000E-01	5.34380000E-04	
4.19000000E+03	2.00000000E-01	5.32410000E-04	
4.19000000E+03	3.00000000E-01	5.30430000E-04	
4.19000000E+03	4.00000000E-01	5.28450000E-04	
4.19000000E+03	5.00000000E-01	5.26450000E-04	
4.19000000E+03	6.00000000E-01	5.24450000E-04	
4.19000000E+03	7.00000000E-01	5.22440000E-04	
4.19000000E+03	8.00000000E-01	5.20420000E-04	
4.19000000E+03	9.00000000E-01	5.18390000E-04	
4.19000000E+03	1.00000000E+00	5.16360000E-04	
4.23000000E+03	0.00000000E+00	4.96720000E-04	
4.23000000E+03	1.00000000E-01	4.94840000E-04	
4.23000000E+03	2.00000000E-01	4.92960000E-04	
4.23000000E+03	3.00000000E-01	4.91070000E-04	
4.23000000E+03	4.00000000E-01	4.89170000E-04	
4.23000000E+03	5.00000000E-01	4.87260000E-04	
4.23000000E+03	6.00000000E-01	4.85350000E-04	
4.23000000E+03	7.00000000E-01	4.83430000E-04	
4.23000000E+03	8.00000000E-01	4.81500000E-04	
4.23000000E+03	9.00000000E-01	4.79560000E-04	
4.23000000E+03	1.00000000E+00	4.77620000E-04	
4.28000000E+03	0.00000000E+00	4.48500000E-04	
4.28000000E+03	1.00000000E-01	4.46720000E-04	
4.28000000E+03	2.00000000E-01	4.44950000E-04	
4.28000000E+03	3.00000000E-01	4.43160000E-04	
4.28000000E+03	4.00000000E-01	4.41370000E-04	
4.28000000E+03	5.00000000E-01	4.39580000E-04	
4.28000000E+03	6.00000000E-01	4.37780000E-04	
4.28000000E+03	7.00000000E-01	4.35970000E-04	
4.28000000E+03	8.00000000E-01	4.34150000E-04	
4.28000000E+03	9.00000000E-01	4.32340000E-04	
4.28000000E+03	1.00000000E+00	4.30510000E-04	
4.33000000E+03	0.00000000E+00	4.01730000E-04	
4.33000000E+03	1.00000000E-01	4.00070000E-04	
4.33000000E+03	2.00000000E-01	3.98400000E-04	
4.33000000E+03	3.00000000E-01	3.96730000E-04	
4.33000000E+03	4.00000000E-01	3.95050000E-04	
4.33000000E+03	5.00000000E-01	3.93360000E-04	
4.33000000E+03	6.00000000E-01	3.91680000E-04	
4.33000000E+03	7.00000000E-01	3.89980000E-04	
4.33000000E+03	8.00000000E-01	3.88280000E-04	
4.33000000E+03	9.00000000E-01	3.86580000E-04	
4.33000000E+03	1.00000000E+00	3.84870000E-04	
4.38000000E+03	0.00000000E+00	3.56470000E-04	
4.38000000E+03	1.00000000E-01	3.54910000E-04	
4.38000000E+03	2.00000000E-01	3.53360000E-04	
4.38000000E+03	3.00000000E-01	3.51790000E-04	
4.38000000E+03	4.00000000E-01	3.50230000E-04	
4.38000000E+03	5.00000000E-01	3.48650000E-04	
4.38000000E+03	6.00000000E-01	3.47080000E-04	
4.38000000E+03	7.00000000E-01	3.45500000E-04	
4.38000000E+03	8.00000000E-01	3.43920000E-04	
4.38000000E+03	9.00000000E-01	3.42330000E-04	
4.38000000E+03	1.00000000E+00	3.40740000E-04	
4.42000000E+03	0.00000000E+00	3.21360000E-04	
4.42000000E+03	1.00000000E-01	3.19890000E-04	
4.42000000E+03	2.00000000E-01	3.18420000E-04	
4.42000000E+03	3.00000000E-01	3.16950000E-04	
4.42000000E+03	4.00000000E-01	3.15470000E-04	
4.42000000E+03	5.00000000E-01	3.13990000E-04	
4.42000000E+03	6.00000000E-01	3.12510000E-04	
4.42000000E+03	7.00000000E-01	3.11030000E-04	
4.42000000E+03	8.00000000E-01	3.09540000E-04	
4.42000000E+03	9.00000000E-01	3.08050000E-04	
4.42000000E+03	1.00000000E+00	3.06550000E-04	
4.47000000E+03	0.00000000E+00	2.78900000E-04	
4.47000000E+03	1.00000000E-01	2.77540000E-04	
4.47000000E+03	2.00000000E-01	2.76180000E-04	
4.47000000E+03	3.00000000E-01	2.74820000E-04	
4.47000000E+03	4.00000000E-01	2.73460000E-04	
4.47000000E+03	5.00000000E-01	2.72100000E-04	
4.47000000E+03	6.00000000E-01	2.70730000E-04	
4.47000000E+03	7.00000000E-01	2.69360000E-04	
4.47000000E+03	8.00000000E-01	2.68000000E-04	
4.47000000E+03	9.00000000E-01	2.66630000E-04	
4.47000000E+03	1.00000000E+00	2.65240000E-04	
4.52000000E+03	0.00000000E+00	2.38070000E-04	
4.52000000E+03	1.00000000E-01	2.36820000E-04	
4.52000000E+03	2.00000000E-01	2.35580000E-04	
4.52000000E+03	3.00000000E-01	2.34340000E-04	
4.52000000E+03	4.00000000E-01	2.33090000E-04	
4.52000000E+03	5.00000000E-01	2.31850000E-04	
4.52000000E+03	6.00000000E-01	2.30600000E-04	
4.52000000E+03	7.00000000E-01	2.29350000E-04	
4.52000000E+03	8.00000000E-01	2.28110000E-04	
4.52000000E+03	9.00000000E-01	2.26860000E-04	
4.52000000E+03	1.00000000E+00	2.25600000E-04	
4.57000000E+03	0.00000000E+00	1.98950000E-04	
4.57000000E+03	1.00000000E-01	1.97830000E-04	
4.57000000E+03	2.00000000E-01	1.96700000E-04	
4.57000000E+03	3.00000000E-01	1.95580000E-04	
4.57000000E+03	4.00000000E-01	1.94450000E-04	
4.57000000E+03	5.00000000E-01	1.93330000E-04	
4.57000000E+03	6.00000000E-01	1.92200000E-04	
4.57000000E+03	7.00000000E-01	1.91070000E-04	
4.57000000E+03	8.00000000E-01	1.89950000E-04	
4.57000000E+03	9.00000000E-01	1.88830000E-04	
4.57000000E+03	1.00000000E+00	1.87720000E-04	
4.61000000E+03	0.00000000E+00	1.68970000E-04	
4.61000000E+03	1.00000000E-01	1.67940000E-04	
4.61000000E+03	2.00000000E-01	1.66910000E-04	
4.61000000E+03	3.00000000E-01	1.65880000E-04	
4.61000000E+03	4.00000000E-01	1.64850000E-04	
4.61000000E+03	5.00000000E-01	1.63830000E-04	
4.61000000E+03	6.00000000E-01	1.62800000E-04	
4.61000000E+03	7.00000000E-01	1.61780000E-04	
4.61000000E+03	8.00000000E-01	1.60750000E-04	
4.61000000E+03	9.00000000E-01	1.59730000E-04	
4.61000000E+03	1.00000000E+00	1.58710000E-04