1.00000000E+01	-8.05050000E+01	3.68520000E+05	1.83990000E+00	1.95300000E+03	3.50130000E+05	5.43510000E-01	
2.00000000E+01	-7.03610000E+01	3.73520000E+05	9.64010000E-01	1.91220000E+03	3.54240000E+05	1.03730000E+00	
3.00000000E+01	-6.38190000E+01	3.76730000E+05	6.60830000E-01	1.88930000E+03	3.56910000E+05	1.51320000E+00	
4.00000000E+01	-5.88680000E+01	3.79140000E+05	5.05560000E-01	1.87350000E+03	3.58920000E+05	1.97800000E+00	
5.00000000E+01	-5.48340000E+01	3.81100000E+05	4.10720000E-01	1.86150000E+03	3.60560000E+05	2.43480000E+00	
6.00000000E+01	-5.14050000E+01	3.82740000E+05	3.46570000E-01	1.85180000E+03	3.61950000E+05	2.88540000E+00	
7.00000000E+01	-4.84050000E+01	3.84180000E+05	3.00200000E-01	1.84380000E+03	3.63160000E+05	3.33110000E+00	
8.00000000E+01	-4.57300000E+01	3.85440000E+05	2.65060000E-01	1.83690000E+03	3.64240000E+05	3.77280000E+00	
9.00000000E+01	-4.33080000E+01	3.86580000E+05	2.37470000E-01	1.83100000E+03	3.65210000E+05	4.21100000E+00	
1.00000000E+02	-4.10910000E+01	3.87620000E+05	2.15230000E-01	1.82570000E+03	3.66100000E+05	4.64630000E+00	
1.10000000E+02	-3.90420000E+01	3.88570000E+05	1.96890000E-01	1.82090000E+03	3.66920000E+05	5.07910000E+00	
1.20000000E+02	-3.71350000E+01	3.89450000E+05	1.81500000E-01	1.81660000E+03	3.67670000E+05	5.50960000E+00	
1.30000000E+02	-3.53490000E+01	3.90270000E+05	1.68400000E-01	1.81270000E+03	3.68380000E+05	5.93810000E+00	
1.40000000E+02	-3.36670000E+01	3.91040000E+05	1.57110000E-01	1.80910000E+03	3.69040000E+05	6.36500000E+00	
1.50000000E+02	-3.20770000E+01	3.91760000E+05	1.47270000E-01	1.80580000E+03	3.69670000E+05	6.79020000E+00	
2.00000000E+02	-2.51770000E+01	3.94830000E+05	1.12380000E-01	1.79210000E+03	3.72350000E+05	8.89820000E+00	
2.50000000E+02	-1.95080000E+01	3.97270000E+05	9.10360000E-02	1.78170000E+03	3.74510000E+05	1.09850000E+01	
3.00000000E+02	-1.46540000E+01	3.99310000E+05	7.65800000E-02	1.77340000E+03	3.76330000E+05	1.30580000E+01	
3.50000000E+02	-1.03840000E+01	4.01040000E+05	6.61180000E-02	1.76640000E+03	3.77900000E+05	1.51240000E+01	
4.00000000E+02	-6.55590000E+00	4.02560000E+05	5.81830000E-02	1.76040000E+03	3.79290000E+05	1.71870000E+01	
4.50000000E+02	-3.07540000E+00	4.03900000E+05	5.19510000E-02	1.75520000E+03	3.80520000E+05	1.92490000E+01	
5.00000000E+02	1.23980000E-01	4.05090000E+05	4.69210000E-02	1.75050000E+03	3.81630000E+05	2.13120000E+01	
5.50000000E+02	3.09070000E+00	4.06170000E+05	4.27730000E-02	1.74630000E+03	3.82650000E+05	2.33790000E+01	
6.00000000E+02	5.86110000E+00	4.07150000E+05	3.92910000E-02	1.74240000E+03	3.83580000E+05	2.54510000E+01	
6.50000000E+02	8.46350000E+00	4.08040000E+05	3.63250000E-02	1.73890000E+03	3.84430000E+05	2.75300000E+01	
7.00000000E+02	1.09200000E+01	4.08860000E+05	3.37670000E-02	1.73560000E+03	3.85220000E+05	2.96150000E+01	
7.50000000E+02	1.32490000E+01	4.09610000E+05	3.15370000E-02	1.73250000E+03	3.85960000E+05	3.17090000E+01	
8.00000000E+02	1.54650000E+01	4.10310000E+05	2.95750000E-02	1.72960000E+03	3.86650000E+05	3.38120000E+01	
8.50000000E+02	1.75800000E+01	4.10950000E+05	2.78350000E-02	1.72690000E+03	3.87290000E+05	3.59260000E+01	
9.00000000E+02	1.96040000E+01	4.11540000E+05	2.62810000E-02	1.72430000E+03	3.87890000E+05	3.80500000E+01	
9.50000000E+02	2.15470000E+01	4.12100000E+05	2.48840000E-02	1.72180000E+03	3.88460000E+05	4.01860000E+01	
1.00000000E+03	2.34150000E+01	4.12610000E+05	2.36210000E-02	1.71940000E+03	3.88990000E+05	4.23350000E+01	
1.05000000E+03	2.52160000E+01	4.13080000E+05	2.24740000E-02	1.71710000E+03	3.89490000E+05	4.44960000E+01	
1.10000000E+03	2.69530000E+01	4.13530000E+05	2.14270000E-02	1.71500000E+03	3.89960000E+05	4.66710000E+01	
1.15000000E+03	2.86340000E+01	4.13940000E+05	2.04670000E-02	1.71280000E+03	3.90400000E+05	4.88600000E+01	
1.20000000E+03	3.02610000E+01	4.14320000E+05	1.95830000E-02	1.71080000E+03	3.90820000E+05	5.10640000E+01	
1.25000000E+03	3.18390000E+01	4.14680000E+05	1.87680000E-02	1.70880000E+03	3.91220000E+05	5.32840000E+01	
1.30000000E+03	3.33710000E+01	4.15010000E+05	1.80120000E-02	1.70690000E+03	3.91590000E+05	5.55190000E+01	
1.35000000E+03	3.48600000E+01	4.15310000E+05	1.73100000E-02	1.70500000E+03	3.91940000E+05	5.77710000E+01	
1.40000000E+03	3.63080000E+01	4.15600000E+05	1.66550000E-02	1.70320000E+03	3.92280000E+05	6.00410000E+01	
1.45000000E+03	3.77190000E+01	4.15860000E+05	1.60440000E-02	1.70140000E+03	3.92590000E+05	6.23280000E+01	
1.50000000E+03	3.90950000E+01	4.16100000E+05	1.54720000E-02	1.69960000E+03	3.92890000E+05	6.46340000E+01	
1.55000000E+03	4.04370000E+01	4.16320000E+05	1.49350000E-02	1.69790000E+03	3.93170000E+05	6.69580000E+01	
1.60000000E+03	4.17480000E+01	4.16520000E+05	1.44290000E-02	1.69620000E+03	3.93430000E+05	6.93030000E+01	
1.65000000E+03	4.30290000E+01	4.16700000E+05	1.39530000E-02	1.69450000E+03	3.93680000E+05	7.16670000E+01	
1.70000000E+03	4.42810000E+01	4.16870000E+05	1.35040000E-02	1.69290000E+03	3.93910000E+05	7.40530000E+01	
1.75000000E+03	4.55060000E+01	4.17010000E+05	1.30790000E-02	1.69130000E+03	3.94130000E+05	7.64600000E+01	
1.80000000E+03	4.67060000E+01	4.17150000E+05	1.26760000E-02	1.68970000E+03	3.94330000E+05	7.88900000E+01	
1.85000000E+03	4.78820000E+01	4.17260000E+05	1.22940000E-02	1.68810000E+03	3.94520000E+05	8.13420000E+01	
1.90000000E+03	4.90340000E+01	4.17360000E+05	1.19310000E-02	1.68650000E+03	3.94690000E+05	8.38180000E+01	
1.95000000E+03	5.01640000E+01	4.17450000E+05	1.15850000E-02	1.68500000E+03	3.94860000E+05	8.63190000E+01	
2.00000000E+03	5.12730000E+01	4.17520000E+05	1.12560000E-02	1.68340000E+03	3.95010000E+05	8.88450000E+01	
2.05000000E+03	5.23610000E+01	4.17570000E+05	1.09410000E-02	1.68190000E+03	3.95140000E+05	9.13970000E+01	
2.10000000E+03	5.34300000E+01	4.17610000E+05	1.06410000E-02	1.68030000E+03	3.95270000E+05	9.39750000E+01	
2.15000000E+03	5.44800000E+01	4.17640000E+05	1.03540000E-02	1.67880000E+03	3.95380000E+05	9.65820000E+01	
2.20000000E+03	5.55120000E+01	4.17660000E+05	1.00790000E-02	1.67730000E+03	3.95480000E+05	9.92160000E+01	
2.25000000E+03	5.65270000E+01	4.17660000E+05	9.81540000E-03	1.67580000E+03	3.95570000E+05	1.01880000E+02	
2.30000000E+03	5.75260000E+01	4.17640000E+05	9.56250000E-03	1.67430000E+03	3.95650000E+05	1.04580000E+02	
2.35000000E+03	5.85080000E+01	4.17620000E+05	9.31950000E-03	1.67280000E+03	3.95720000E+05	1.07300000E+02	
2.40000000E+03	5.94750000E+01	4.17580000E+05	9.08590000E-03	1.67130000E+03	3.95770000E+05	1.10060000E+02	
2.45000000E+03	6.04270000E+01	4.17520000E+05	8.86110000E-03	1.66980000E+03	3.95810000E+05	1.12850000E+02	
2.50000000E+03	6.13640000E+01	4.17460000E+05	8.64450000E-03	1.66830000E+03	3.95850000E+05	1.15680000E+02	
2.55000000E+03	6.22880000E+01	4.17380000E+05	8.43580000E-03	1.66680000E+03	3.95870000E+05	1.18540000E+02	
2.60000000E+03	6.31980000E+01	4.17290000E+05	8.23430000E-03	1.66520000E+03	3.95880000E+05	1.21440000E+02	
2.65000000E+03	6.40950000E+01	4.17180000E+05	8.03980000E-03	1.66370000E+03	3.95880000E+05	1.24380000E+02	
2.70000000E+03	6.49800000E+01	4.17070000E+05	7.85170000E-03	1.66220000E+03	3.95870000E+05	1.27360000E+02	
2.75000000E+03	6.58520000E+01	4.16940000E+05	7.66980000E-03	1.66070000E+03	3.95840000E+05	1.30380000E+02	
2.80000000E+03	6.67120000E+01	4.16790000E+05	7.49380000E-03	1.65910000E+03	3.95810000E+05	1.33440000E+02	
2.85000000E+03	6.75610000E+01	4.16630000E+05	7.32320000E-03	1.65760000E+03	3.95760000E+05	1.36550000E+02	
2.90000000E+03	6.83990000E+01	4.16460000E+05	7.15790000E-03	1.65600000E+03	3.95710000E+05	1.39710000E+02	
2.95000000E+03	6.92260000E+01	4.16280000E+05	6.99750000E-03	1.65450000E+03	3.95640000E+05	1.42910000E+02	
3.00000000E+03	7.00420000E+01	4.16080000E+05	6.84170000E-03	1.65290000E+03	3.95560000E+05	1.46160000E+02	
3.05000000E+03	7.08480000E+01	4.15870000E+05	6.69040000E-03	1.65130000E+03	3.95470000E+05	1.49470000E+02	
3.10000000E+03	7.16440000E+01	4.15650000E+05	6.54330000E-03	1.64960000E+03	3.95360000E+05	1.52830000E+02	
3.15000000E+03	7.24310000E+01	4.15410000E+05	6.40020000E-03	1.64800000E+03	3.95250000E+05	1.56240000E+02	
3.20000000E+03	7.32070000E+01	4.15150000E+05	6.26090000E-03	1.64640000E+03	3.95120000E+05	1.59720000E+02	
3.25000000E+03	7.39750000E+01	4.14880000E+05	6.12520000E-03	1.64470000E+03	3.94980000E+05	1.63260000E+02	
3.30000000E+03	7.47330000E+01	4.14600000E+05	5.99290000E-03	1.64300000E+03	3.94820000E+05	1.66870000E+02	
3.35000000E+03	7.54830000E+01	4.14300000E+05	5.86380000E-03	1.64130000E+03	3.94650000E+05	1.70540000E+02	
3.40000000E+03	7.62240000E+01	4.13980000E+05	5.73780000E-03	1.63950000E+03	3.94470000E+05	1.74280000E+02	
3.45000000E+03	7.69570000E+01	4.13650000E+05	5.61470000E-03	1.63780000E+03	3.94270000E+05	1.78100000E+02	
3.50000000E+03	7.76820000E+01	4.13290000E+05	5.49430000E-03	1.63600000E+03	3.94060000E+05	1.82010000E+02	
3.55000000E+03	7.83980000E+01	4.12920000E+05	5.37660000E-03	1.63420000E+03	3.93840000E+05	1.85990000E+02	
3.60000000E+03	7.91070000E+01	4.12540000E+05	5.26130000E-03	1.63230000E+03	3.93600000E+05	1.90070000E+02	
3.65000000E+03	7.98080000E+01	4.12130000E+05	5.14840000E-03	1.63040000E+03	3.93340000E+05	1.94240000E+02	
3.70000000E+03	8.05010000E+01	4.11700000E+05	5.03770000E-03	1.62850000E+03	3.93060000E+05	1.98510000E+02	
3.75000000E+03	8.11870000E+01	4.11250000E+05	4.92900000E-03	1.62650000E+03	3.92770000E+05	2.02880000E+02	
3.80000000E+03	8.18660000E+01	4.10780000E+05	4.82220000E-03	1.62450000E+03	3.92450000E+05	2.07370000E+02	
3.85000000E+03	8.25380000E+01	4.10280000E+05	4.71730000E-03	1.62240000E+03	3.92120000E+05	2.11980000E+02	
3.90000000E+03	8.32030000E+01	4.09760000E+05	4.61410000E-03	1.62030000E+03	3.91770000E+05	2.16730000E+02	
3.95000000E+03	8.38610000E+01	4.09220000E+05	4.51240000E-03	1.61810000E+03	3.91390000E+05	2.21610000E+02	
4.00000000E+03	8.45120000E+01	4.08640000E+05	4.41210000E-03	1.61590000E+03	3.90990000E+05	2.26650000E+02	
4.05000000E+03	8.51570000E+01	4.08030000E+05	4.31320000E-03	1.61360000E+03	3.90570000E+05	2.31850000E+02	
4.10000000E+03	8.57960000E+01	4.07400000E+05	4.21530000E-03	1.61120000E+03	3.90110000E+05	2.37230000E+02	
4.15000000E+03	8.64280000E+01	4.06720000E+05	4.11850000E-03	1.60880000E+03	3.89630000E+05	2.42810000E+02	
4.20000000E+03	8.70530000E+01	4.06010000E+05	4.02250000E-03	1.60620000E+03	3.89110000E+05	2.48600000E+02	
4.25000000E+03	8.76730000E+01	4.05250000E+05	3.92730000E-03	1.60360000E+03	3.88560000E+05	2.54630000E+02	
4.30000000E+03	8.82860000E+01	4.04450000E+05	3.83250000E-03	1.60080000E+03	3.87970000E+05	2.60930000E+02	
4.35000000E+03	8.88940000E+01	4.03600000E+05	3.73800000E-03	1.59790000E+03	3.87340000E+05	2.67520000E+02	
4.40000000E+03	8.94950000E+01	4.02690000E+05	3.64360000E-03	1.59490000E+03	3.86660000E+05	2.74460000E+02	
4.45000000E+03	9.00910000E+01	4.01710000E+05	3.54890000E-03	1.59170000E+03	3.85920000E+05	2.81780000E+02	
4.50000000E+03	9.06810000E+01	4.00660000E+05	3.45370000E-03	1.58840000E+03	3.85120000E+05	2.89550000E+02	
4.55000000E+03	9.12650000E+01	3.99520000E+05	3.35750000E-03	1.58480000E+03	3.84250000E+05	2.97840000E+02	
4.60000000E+03	9.18430000E+01	3.98280000E+05	3.25980000E-03	1.58090000E+03	3.83280000E+05	3.06770000E+02	
4.65000000E+03	9.24160000E+01	3.96910000E+05	3.15990000E-03	1.57670000E+03	3.82220000E+05	3.16470000E+02	
4.70000000E+03	9.29830000E+01	3.95380000E+05	3.05680000E-03	1.57210000E+03	3.81010000E+05	3.27140000E+02	
4.75000000E+03	9.35440000E+01	3.93650000E+05	2.94910000E-03	1.56700000E+03	3.79640000E+05	3.39090000E+02	
4.80000000E+03	9.40990000E+01	3.91630000E+05	2.83440000E-03	1.56110000E+03	3.78030000E+05	3.52800000E+02	
4.85000000E+03	9.46480000E+01	3.89200000E+05	2.70870000E-03	1.55410000E+03	3.76070000E+05	3.69180000E+02	
4.90000000E+03	9.51900000E+01	3.86060000E+05	2.56320000E-03	1.54520000E+03	3.73500000E+05	3.90140000E+02	
4.95000000E+03	9.57240000E+01	3.81300000E+05	2.37030000E-03	1.53190000E+03	3.69570000E+05	4.21900000E+02