1.00000000E+01	-8.05050000E+01	1.11400000E+05	6.58080000E-04	6.18240000E+02	1.11390000E+05	1.51960000E+03	
2.00000000E+01	-7.03610000E+01	1.22190000E+05	6.70170000E-04	6.72810000E+02	1.22180000E+05	1.49220000E+03	
3.00000000E+01	-6.38190000E+01	1.29180000E+05	6.78320000E-04	7.06670000E+02	1.29160000E+05	1.47420000E+03	
4.00000000E+01	-5.88680000E+01	1.34480000E+05	6.84680000E-04	7.31680000E+02	1.34450000E+05	1.46050000E+03	
5.00000000E+01	-5.48340000E+01	1.38810000E+05	6.90010000E-04	7.51680000E+02	1.38780000E+05	1.44930000E+03	
6.00000000E+01	-5.14050000E+01	1.42510000E+05	6.94650000E-04	7.68440000E+02	1.42470000E+05	1.43960000E+03	
7.00000000E+01	-4.84050000E+01	1.45750000E+05	6.98780000E-04	7.82930000E+02	1.45700000E+05	1.43110000E+03	
8.00000000E+01	-4.57300000E+01	1.48650000E+05	7.02540000E-04	7.95720000E+02	1.48590000E+05	1.42340000E+03	
9.00000000E+01	-4.33080000E+01	1.51280000E+05	7.06000000E-04	8.07200000E+02	1.51220000E+05	1.41640000E+03	
1.00000000E+02	-4.10910000E+01	1.53700000E+05	7.09220000E-04	8.17630000E+02	1.53630000E+05	1.41000000E+03	
1.10000000E+02	-3.90420000E+01	1.55930000E+05	7.12250000E-04	8.27200000E+02	1.55860000E+05	1.40400000E+03	
1.20000000E+02	-3.71350000E+01	1.58020000E+05	7.15100000E-04	8.36060000E+02	1.57940000E+05	1.39840000E+03	
1.30000000E+02	-3.53490000E+01	1.59980000E+05	7.17800000E-04	8.44300000E+02	1.59890000E+05	1.39310000E+03	
1.40000000E+02	-3.36670000E+01	1.61830000E+05	7.20380000E-04	8.52020000E+02	1.61730000E+05	1.38810000E+03	
1.50000000E+02	-3.20770000E+01	1.63590000E+05	7.22850000E-04	8.59290000E+02	1.63480000E+05	1.38340000E+03	
2.00000000E+02	-2.51770000E+01	1.71240000E+05	7.33930000E-04	8.90450000E+02	1.71100000E+05	1.36250000E+03	
2.50000000E+02	-1.95080000E+01	1.77600000E+05	7.43500000E-04	9.15650000E+02	1.77410000E+05	1.34500000E+03	
3.00000000E+02	-1.46540000E+01	1.83090000E+05	7.52060000E-04	9.36950000E+02	1.82870000E+05	1.32970000E+03	
3.50000000E+02	-1.03840000E+01	1.87960000E+05	7.59900000E-04	9.55510000E+02	1.87700000E+05	1.31600000E+03	
4.00000000E+02	-6.55590000E+00	1.92370000E+05	7.67200000E-04	9.72010000E+02	1.92060000E+05	1.30340000E+03	
4.50000000E+02	-3.07540000E+00	1.96410000E+05	7.74060000E-04	9.86910000E+02	1.96060000E+05	1.29190000E+03	
5.00000000E+02	1.23980000E-01	2.00150000E+05	7.80580000E-04	1.00050000E+03	1.99760000E+05	1.28110000E+03	
5.50000000E+02	3.09070000E+00	2.03640000E+05	7.86820000E-04	1.01310000E+03	2.03200000E+05	1.27090000E+03	
6.00000000E+02	5.86110000E+00	2.06920000E+05	7.92820000E-04	1.02480000E+03	2.06450000E+05	1.26130000E+03	
6.50000000E+02	8.46350000E+00	2.10030000E+05	7.98620000E-04	1.03570000E+03	2.09510000E+05	1.25220000E+03	
7.00000000E+02	1.09200000E+01	2.12980000E+05	8.04250000E-04	1.04600000E+03	2.12410000E+05	1.24340000E+03	
7.50000000E+02	1.32490000E+01	2.15790000E+05	8.09740000E-04	1.05570000E+03	2.15180000E+05	1.23500000E+03	
8.00000000E+02	1.54650000E+01	2.18490000E+05	8.15090000E-04	1.06500000E+03	2.17840000E+05	1.22690000E+03	
8.50000000E+02	1.75800000E+01	2.21080000E+05	8.20340000E-04	1.07380000E+03	2.20380000E+05	1.21900000E+03	
9.00000000E+02	1.96040000E+01	2.23570000E+05	8.25490000E-04	1.08220000E+03	2.22830000E+05	1.21140000E+03	
9.50000000E+02	2.15470000E+01	2.25980000E+05	8.30550000E-04	1.09020000E+03	2.25190000E+05	1.20400000E+03	
1.00000000E+03	2.34150000E+01	2.28300000E+05	8.35540000E-04	1.09800000E+03	2.27470000E+05	1.19680000E+03	
1.05000000E+03	2.52160000E+01	2.30560000E+05	8.40470000E-04	1.10540000E+03	2.29680000E+05	1.18980000E+03	
1.10000000E+03	2.69530000E+01	2.32750000E+05	8.45340000E-04	1.11260000E+03	2.31820000E+05	1.18300000E+03	
1.15000000E+03	2.86340000E+01	2.34880000E+05	8.50160000E-04	1.11950000E+03	2.33900000E+05	1.17620000E+03	
1.20000000E+03	3.02610000E+01	2.36960000E+05	8.54940000E-04	1.12620000E+03	2.35930000E+05	1.16970000E+03	
1.25000000E+03	3.18390000E+01	2.38980000E+05	8.59680000E-04	1.13270000E+03	2.37910000E+05	1.16320000E+03	
1.30000000E+03	3.33710000E+01	2.40960000E+05	8.64390000E-04	1.13910000E+03	2.39830000E+05	1.15690000E+03	
1.35000000E+03	3.48600000E+01	2.42890000E+05	8.69070000E-04	1.14520000E+03	2.41720000E+05	1.15070000E+03	
1.40000000E+03	3.63080000E+01	2.44780000E+05	8.73730000E-04	1.15120000E+03	2.43560000E+05	1.14450000E+03	
1.45000000E+03	3.77190000E+01	2.46630000E+05	8.78370000E-04	1.15700000E+03	2.45360000E+05	1.13850000E+03	
1.50000000E+03	3.90950000E+01	2.48450000E+05	8.83000000E-04	1.16270000E+03	2.47120000E+05	1.13250000E+03	
1.55000000E+03	4.04370000E+01	2.50230000E+05	8.87620000E-04	1.16830000E+03	2.48850000E+05	1.12660000E+03	
1.60000000E+03	4.17480000E+01	2.51980000E+05	8.92240000E-04	1.17370000E+03	2.50550000E+05	1.12080000E+03	
1.65000000E+03	4.30290000E+01	2.53700000E+05	8.96850000E-04	1.17900000E+03	2.52220000E+05	1.11500000E+03	
1.70000000E+03	4.42810000E+01	2.55390000E+05	9.01460000E-04	1.18420000E+03	2.53860000E+05	1.10930000E+03	
1.75000000E+03	4.55060000E+01	2.57050000E+05	9.06080000E-04	1.18930000E+03	2.55470000E+05	1.10370000E+03	
1.80000000E+03	4.67060000E+01	2.58690000E+05	9.10700000E-04	1.19430000E+03	2.57050000E+05	1.09810000E+03	
1.85000000E+03	4.78820000E+01	2.60310000E+05	9.15330000E-04	1.19920000E+03	2.58620000E+05	1.09250000E+03	
1.90000000E+03	4.90340000E+01	2.61900000E+05	9.19980000E-04	1.20400000E+03	2.60150000E+05	1.08700000E+03	
1.95000000E+03	5.01640000E+01	2.63470000E+05	9.24640000E-04	1.20870000E+03	2.61670000E+05	1.08150000E+03	
2.00000000E+03	5.12730000E+01	2.65030000E+05	9.29320000E-04	1.21340000E+03	2.63170000E+05	1.07610000E+03	
2.05000000E+03	5.23610000E+01	2.66560000E+05	9.34020000E-04	1.21790000E+03	2.64640000E+05	1.07060000E+03	
2.10000000E+03	5.34300000E+01	2.68070000E+05	9.38750000E-04	1.22240000E+03	2.66100000E+05	1.06520000E+03	
2.15000000E+03	5.44800000E+01	2.69570000E+05	9.43500000E-04	1.22690000E+03	2.67540000E+05	1.05990000E+03	
2.20000000E+03	5.55120000E+01	2.71050000E+05	9.48290000E-04	1.23120000E+03	2.68970000E+05	1.05450000E+03	
2.25000000E+03	5.65270000E+01	2.72520000E+05	9.53100000E-04	1.23560000E+03	2.70370000E+05	1.04920000E+03	
2.30000000E+03	5.75260000E+01	2.73970000E+05	9.57960000E-04	1.23980000E+03	2.71770000E+05	1.04390000E+03	
2.35000000E+03	5.85080000E+01	2.75410000E+05	9.62850000E-04	1.24400000E+03	2.73150000E+05	1.03860000E+03	
2.40000000E+03	5.94750000E+01	2.76830000E+05	9.67780000E-04	1.24820000E+03	2.74510000E+05	1.03330000E+03	
2.45000000E+03	6.04270000E+01	2.78250000E+05	9.72760000E-04	1.25230000E+03	2.75860000E+05	1.02800000E+03	
2.50000000E+03	6.13640000E+01	2.79650000E+05	9.77790000E-04	1.25630000E+03	2.77200000E+05	1.02270000E+03	
2.55000000E+03	6.22880000E+01	2.81040000E+05	9.82870000E-04	1.26030000E+03	2.78530000E+05	1.01740000E+03	
2.60000000E+03	6.31980000E+01	2.82420000E+05	9.88000000E-04	1.26430000E+03	2.79850000E+05	1.01210000E+03	
2.65000000E+03	6.40950000E+01	2.83790000E+05	9.93190000E-04	1.26820000E+03	2.81160000E+05	1.00690000E+03	
2.70000000E+03	6.49800000E+01	2.85150000E+05	9.98450000E-04	1.27210000E+03	2.82460000E+05	1.00160000E+03	
2.75000000E+03	6.58520000E+01	2.86500000E+05	1.00380000E-03	1.27590000E+03	2.83740000E+05	9.96250000E+02	
2.80000000E+03	6.67120000E+01	2.87850000E+05	1.00920000E-03	1.27970000E+03	2.85020000E+05	9.90930000E+02	
2.85000000E+03	6.75610000E+01	2.89190000E+05	1.01460000E-03	1.28350000E+03	2.86300000E+05	9.85590000E+02	
2.90000000E+03	6.83990000E+01	2.90520000E+05	1.02020000E-03	1.28730000E+03	2.87560000E+05	9.80230000E+02	
2.95000000E+03	6.92260000E+01	2.91840000E+05	1.02580000E-03	1.29100000E+03	2.88820000E+05	9.74860000E+02	
3.00000000E+03	7.00420000E+01	2.93160000E+05	1.03150000E-03	1.29470000E+03	2.90070000E+05	9.69460000E+02	
3.05000000E+03	7.08480000E+01	2.94480000E+05	1.03730000E-03	1.29840000E+03	2.91320000E+05	9.64030000E+02	
3.10000000E+03	7.16440000E+01	2.95790000E+05	1.04320000E-03	1.30200000E+03	2.92560000E+05	9.58570000E+02	
3.15000000E+03	7.24310000E+01	2.97100000E+05	1.04920000E-03	1.30570000E+03	2.93790000E+05	9.53080000E+02	
3.20000000E+03	7.32070000E+01	2.98400000E+05	1.05540000E-03	1.30930000E+03	2.95020000E+05	9.47550000E+02	
3.25000000E+03	7.39750000E+01	2.99700000E+05	1.06160000E-03	1.31290000E+03	2.96250000E+05	9.41980000E+02	
3.30000000E+03	7.47330000E+01	3.01000000E+05	1.06800000E-03	1.31650000E+03	2.97470000E+05	9.36360000E+02	
3.35000000E+03	7.54830000E+01	3.02290000E+05	1.07450000E-03	1.32000000E+03	2.98690000E+05	9.30700000E+02	
3.40000000E+03	7.62240000E+01	3.03590000E+05	1.08110000E-03	1.32360000E+03	2.99910000E+05	9.24980000E+02	
3.45000000E+03	7.69570000E+01	3.04890000E+05	1.08790000E-03	1.32710000E+03	3.01130000E+05	9.19210000E+02	
3.50000000E+03	7.76820000E+01	3.06180000E+05	1.09480000E-03	1.33070000E+03	3.02350000E+05	9.13370000E+02	
3.55000000E+03	7.83980000E+01	3.07480000E+05	1.10200000E-03	1.33420000E+03	3.03570000E+05	9.07460000E+02	
3.60000000E+03	7.91070000E+01	3.08780000E+05	1.10930000E-03	1.33780000E+03	3.04780000E+05	9.01480000E+02	
3.65000000E+03	7.98080000E+01	3.10080000E+05	1.11680000E-03	1.34130000E+03	3.06000000E+05	8.95430000E+02	
3.70000000E+03	8.05010000E+01	3.11390000E+05	1.12450000E-03	1.34480000E+03	3.07220000E+05	8.89280000E+02	
3.75000000E+03	8.11870000E+01	3.12700000E+05	1.13250000E-03	1.34840000E+03	3.08450000E+05	8.83040000E+02	
3.80000000E+03	8.18660000E+01	3.14010000E+05	1.14060000E-03	1.35190000E+03	3.09680000E+05	8.76700000E+02	
3.85000000E+03	8.25380000E+01	3.15330000E+05	1.14910000E-03	1.35550000E+03	3.10910000E+05	8.70240000E+02	
3.90000000E+03	8.32030000E+01	3.16660000E+05	1.15790000E-03	1.35900000E+03	3.12150000E+05	8.63670000E+02	
3.95000000E+03	8.38610000E+01	3.18000000E+05	1.16690000E-03	1.36260000E+03	3.13390000E+05	8.56960000E+02	
4.00000000E+03	8.45120000E+01	3.19350000E+05	1.17630000E-03	1.36620000E+03	3.14650000E+05	8.50110000E+02	
4.05000000E+03	8.51570000E+01	3.20710000E+05	1.18610000E-03	1.36990000E+03	3.15910000E+05	8.43100000E+02	
4.10000000E+03	8.57960000E+01	3.22090000E+05	1.19630000E-03	1.37360000E+03	3.17180000E+05	8.35910000E+02	
4.15000000E+03	8.64280000E+01	3.23480000E+05	1.20700000E-03	1.37730000E+03	3.18470000E+05	8.28520000E+02	
4.20000000E+03	8.70530000E+01	3.24890000E+05	1.21810000E-03	1.38100000E+03	3.19770000E+05	8.20930000E+02	
4.25000000E+03	8.76730000E+01	3.26320000E+05	1.22990000E-03	1.38480000E+03	3.21090000E+05	8.13090000E+02	
4.30000000E+03	8.82860000E+01	3.27780000E+05	1.24230000E-03	1.38870000E+03	3.22430000E+05	8.04980000E+02	
4.35000000E+03	8.88940000E+01	3.29260000E+05	1.25540000E-03	1.39260000E+03	3.23800000E+05	7.96570000E+02	
4.40000000E+03	8.94950000E+01	3.30770000E+05	1.26930000E-03	1.39660000E+03	3.25190000E+05	7.87820000E+02	
4.45000000E+03	9.00910000E+01	3.32330000E+05	1.28420000E-03	1.40070000E+03	3.26610000E+05	7.78680000E+02	
4.50000000E+03	9.06810000E+01	3.33930000E+05	1.30030000E-03	1.40490000E+03	3.28070000E+05	7.69080000E+02	
4.55000000E+03	9.12650000E+01	3.35580000E+05	1.31760000E-03	1.40930000E+03	3.29580000E+05	7.58940000E+02	
4.60000000E+03	9.18430000E+01	3.37290000E+05	1.33660000E-03	1.41380000E+03	3.31140000E+05	7.48170000E+02	
4.65000000E+03	9.24160000E+01	3.39080000E+05	1.35750000E-03	1.41850000E+03	3.32770000E+05	7.36630000E+02	
4.70000000E+03	9.29830000E+01	3.40980000E+05	1.38100000E-03	1.42350000E+03	3.34490000E+05	7.24120000E+02	
4.75000000E+03	9.35440000E+01	3.43000000E+05	1.40780000E-03	1.42880000E+03	3.36310000E+05	7.10350000E+02	
4.80000000E+03	9.40990000E+01	3.45210000E+05	1.43920000E-03	1.43470000E+03	3.38300000E+05	6.94850000E+02	
4.85000000E+03	9.46480000E+01	3.47700000E+05	1.47760000E-03	1.44130000E+03	3.40540000E+05	6.76780000E+02	
4.90000000E+03	9.51900000E+01	3.50680000E+05	1.52840000E-03	1.44910000E+03	3.43190000E+05	6.54280000E+02	
4.95000000E+03	9.57240000E+01	3.54830000E+05	1.60900000E-03	1.46020000E+03	3.46860000E+05	6.21520000E+02