-20.000	2.252545E-02	1.623588E-05	9.969569E+02	7.185859E-01	2.533049E+05	7.146433E-01	2.340548E+03
-19.500	2.256440E-02	1.626117E-05	9.970359E+02	7.185199E-01	2.538034E+05	7.160548E-01	2.342516E+03
-19.000	2.260332E-02	1.628644E-05	9.971150E+02	7.184542E-01	2.543019E+05	7.174663E-01	2.344479E+03
-18.500	2.264222E-02	1.631169E-05	9.971941E+02	7.183891E-01	2.548005E+05	7.188778E-01	2.346439E+03
-18.000	2.268109E-02	1.633692E-05	9.972733E+02	7.183243E-01	2.552991E+05	7.202893E-01	2.348395E+03
-17.500	2.271993E-02	1.636214E-05	9.973526E+02	7.182601E-01	2.557978E+05	7.217008E-01	2.350348E+03
-17.000	2.275875E-02	1.638733E-05	9.974319E+02	7.181962E-01	2.562965E+05	7.231123E-01	2.352296E+03
-16.500	2.279754E-02	1.641251E-05	9.975113E+02	7.181328E-01	2.567952E+05	7.245238E-01	2.354242E+03
-16.000	2.283631E-02	1.643767E-05	9.975908E+02	7.180699E-01	2.572940E+05	7.259353E-01	2.356183E+03
-15.500	2.287505E-02	1.646281E-05	9.976703E+02	7.180074E-01	2.577928E+05	7.273468E-01	2.358121E+03
-15.000	2.291376E-02	1.648793E-05	9.977499E+02	7.179453E-01	2.582917E+05	7.287583E-01	2.360055E+03
-14.500	2.295245E-02	1.651303E-05	9.978295E+02	7.178836E-01	2.587905E+05	7.301698E-01	2.361986E+03
-14.000	2.299111E-02	1.653811E-05	9.979092E+02	7.178223E-01	2.592895E+05	7.315813E-01	2.363913E+03
-13.500	2.302975E-02	1.656317E-05	9.979890E+02	7.177615E-01	2.597885E+05	7.329928E-01	2.365837E+03
-13.000	2.306836E-02	1.658822E-05	9.980689E+02	7.177011E-01	2.602875E+05	7.344043E-01	2.367757E+03
-12.500	2.310694E-02	1.661324E-05	9.981488E+02	7.176411E-01	2.607865E+05	7.358158E-01	2.369673E+03
-12.000	2.314550E-02	1.663825E-05	9.982287E+02	7.175815E-01	2.612856E+05	7.372273E-01	2.371586E+03
-11.500	2.318403E-02	1.666324E-05	9.983088E+02	7.175223E-01	2.617848E+05	7.386388E-01	2.373496E+03
-11.000	2.322254E-02	1.668821E-05	9.983888E+02	7.174635E-01	2.622839E+05	7.400503E-01	2.375402E+03
-10.500	2.326102E-02	1.671316E-05	9.984690E+02	7.174052E-01	2.627831E+05	7.414618E-01	2.377304E+03
-10.000	2.329947E-02	1.673809E-05	9.985492E+02	7.173472E-01	2.632824E+05	7.428733E-01	2.379203E+03
-9.500	2.333790E-02	1.676301E-05	9.986295E+02	7.172896E-01	2.637817E+05	7.442849E-01	2.381099E+03
-9.000	2.337631E-02	1.678790E-05	9.987098E+02	7.172324E-01	2.642810E+05	7.456964E-01	2.382991E+03
-8.500	2.341469E-02	1.681278E-05	9.987902E+02	7.171756E-01	2.647804E+05	7.471079E-01	2.384880E+03
-8.000	2.345304E-02	1.683764E-05	9.988707E+02	7.171192E-01	2.652798E+05	7.485194E-01	2.386765E+03
-7.500	2.349137E-02	1.686248E-05	9.989512E+02	7.170631E-01	2.657793E+05	7.499309E-01	2.388647E+03
-7.000	2.352967E-02	1.688730E-05	9.990318E+02	7.170075E-01	2.662788E+05	7.513424E-01	2.390525E+03
-6.500	2.356795E-02	1.691210E-05	9.991125E+02	7.169522E-01	2.667783E+05	7.527539E-01	2.392400E+03
-6.000	2.360620E-02	1.693689E-05	9.991932E+02	7.168973E-01	2.672779E+05	7.541654E-01	2.394272E+03
-5.500	2.364443E-02	1.696165E-05	9.992739E+02	7.168427E-01	2.677775E+05	7.555769E-01	2.396141E+03
-5.000	2.368264E-02	1.698640E-05	9.993548E+02	7.167885E-01	2.682772E+05	7.569884E-01	2.398006E+03
-4.500	2.372081E-02	1.701113E-05	9.994357E+02	7.167347E-01	2.687769E+05	7.583999E-01	2.399867E+03
-4.000	2.375897E-02	1.703584E-05	9.995166E+02	7.166813E-01	2.692766E+05	7.598114E-01	2.401726E+03
-3.500	2.379710E-02	1.706053E-05	9.995976E+02	7.166282E-01	2.697764E+05	7.612229E-01	2.403581E+03
-3.000	2.383520E-02	1.708521E-05	9.996787E+02	7.165755E-01	2.702762E+05	7.626344E-01	2.405433E+03
-2.500	2.387328E-02	1.710986E-05	9.997598E+02	7.165231E-01	2.707760E+05	7.640459E-01	2.407282E+03
-2.000	2.391133E-02	1.713450E-05	9.998410E+02	7.164711E-01	2.712759E+05	7.654574E-01	2.409127E+03
-1.500	2.394936E-02	1.715912E-05	9.999223E+02	7.164194E-01	2.717759E+05	7.668689E-01	2.410969E+03
-1.000	2.398737E-02	1.718372E-05	1.000004E+03	7.163681E-01	2.722759E+05	7.682804E-01	2.412808E+03
-0.500	2.402535E-02	1.720831E-05	1.000085E+03	7.163171E-01	2.727759E+05	7.696919E-01	2.414643E+03
0.000	2.406331E-02	1.723287E-05	1.000166E+03	7.162664E-01	2.732760E+05	7.711034E-01	2.416476E+03
0.500	2.410124E-02	1.725742E-05	1.000248E+03	7.162161E-01	2.737761E+05	7.725149E-01	2.418305E+03
1.000	2.413915E-02	1.728195E-05	1.000330E+03	7.161661E-01	2.742762E+05	7.739264E-01	2.420131E+03
1.500	2.417703E-02	1.730646E-05	1.000411E+03	7.161165E-01	2.747764E+05	7.753379E-01	2.421954E+03
2.000	2.421489E-02	1.733095E-05	1.000493E+03	7.160672E-01	2.752766E+05	7.767494E-01	2.423774E+03
2.500	2.425273E-02	1.735542E-05	1.000575E+03	7.160182E-01	2.757769E+05	7.781609E-01	2.425590E+03
3.000	2.429054E-02	1.737988E-05	1.000656E+03	7.159696E-01	2.762772E+05	7.795724E-01	2.427403E+03
3.500	2.432833E-02	1.740432E-05	1.000738E+03	7.159212E-01	2.767775E+05	7.809839E-01	2.429214E+03
4.000	2.436609E-02	1.742874E-05	1.000820E+03	7.158732E-01	2.772779E+05	7.823954E-01	2.431021E+03
4.500	2.440383E-02	1.745314E-05	1.000902E+03	7.158255E-01	2.777784E+05	7.838069E-01	2.432825E+03
5.000	2.444155E-02	1.747753E-05	1.000984E+03	7.157782E-01	2.782788E+05	7.852184E-01	2.434626E+03
5.500	2.447924E-02	1.750189E-05	1.001066E+03	7.157311E-01	2.787793E+05	7.866299E-01	2.436423E+03
6.000	2.451691E-02	1.752624E-05	1.001148E+03	7.156843E-01	2.792799E+05	7.880414E-01	2.438218E+03
6.500	2.455456E-02	1.755057E-05	1.001231E+03	7.156379E-01	2.797805E+05	7.894529E-01	2.440010E+03
7.000	2.459218E-02	1.757489E-05	1.001313E+03	7.155918E-01	2.802811E+05	7.908644E-01	2.441799E+03
7.500	2.462978E-02	1.759918E-05	1.001395E+03	7.155459E-01	2.807818E+05	7.922759E-01	2.443584E+03
8.000	2.466735E-02	1.762346E-05	1.001478E+03	7.155004E-01	2.812825E+05	7.936874E-01	2.445367E+03
8.500	2.470490E-02	1.764772E-05	1.001560E+03	7.154552E-01	2.817833E+05	7.950989E-01	2.447146E+03
9.000	2.474243E-02	1.767196E-05	1.001643E+03	7.154102E-01	2.822841E+05	7.965104E-01	2.448923E+03
9.500	2.477993E-02	1.769618E-05	1.001725E+03	7.153656E-01	2.827849E+05	7.979219E-01	2.450696E+03
10.000	2.481741E-02	1.772039E-05	1.001808E+03	7.153213E-01	2.832858E+05	7.993334E-01	2.452467E+03
10.500	2.485487E-02	1.774458E-05	1.001890E+03	7.152772E-01	2.837867E+05	8.007449E-01	2.454234E+03
11.000	2.489231E-02	1.776875E-05	1.001973E+03	7.152334E-01	2.842877E+05	8.021564E-01	2.455999E+03
11.500	2.492972E-02	1.779290E-05	1.002056E+03	7.151900E-01	2.847887E+05	8.035679E-01	2.457761E+03
12.000	2.496711E-02	1.781704E-05	1.002139E+03	7.151468E-01	2.852898E+05	8.049794E-01	2.459519E+03
12.500	2.500447E-02	1.784116E-05	1.002222E+03	7.151038E-01	2.857908E+05	8.063909E-01	2.461275E+03
13.000	2.504182E-02	1.786526E-05	1.002305E+03	7.150612E-01	2.862920E+05	8.078024E-01	2.463028E+03
13.500	2.507914E-02	1.788934E-05	1.002388E+03	7.150189E-01	2.867931E+05	8.092139E-01	2.464778E+03
14.000	2.511643E-02	1.791341E-05	1.002471E+03	7.149768E-01	2.872944E+05	8.106254E-01	2.466525E+03
14.500	2.515371E-02	1.793745E-05	1.002554E+03	7.149350E-01	2.877956E+05	8.120369E-01	2.468269E+03
15.000	2.519096E-02	1.796148E-05	1.002637E+03	7.148934E-01	2.882969E+05	8.134484E-01	2.470010E+03
15.500	2.522819E-02	1.798550E-05	1.002720E+03	7.148522E-01	2.887983E+05	8.148599E-01	2.471748E+03
16.000	2.526539E-02	1.800949E-05	1.002804E+03	7.148112E-01	2.892996E+05	8.162714E-01	2.473484E+03
16.500	2.530258E-02	1.803347E-05	1.002887E+03	7.147704E-01	2.898011E+05	8.176829E-01	2.475216E+03
17.000	2.533974E-02	1.805743E-05	1.002971E+03	7.147300E-01	2.903025E+05	8.190944E-01	2.476946E+03
17.500	2.537688E-02	1.808137E-05	1.003054E+03	7.146898E-01	2.908040E+05	8.205059E-01	2.478673E+03
18.000	2.541399E-02	1.810530E-05	1.003138E+03	7.146498E-01	2.913056E+05	8.219174E-01	2.480397E+03
18.500	2.545109E-02	1.812921E-05	1.003221E+03	7.146101E-01	2.918072E+05	8.233289E-01	2.482119E+03
19.000	2.548816E-02	1.815310E-05	1.003305E+03	7.145707E-01	2.923088E+05	8.247404E-01	2.483837E+03
19.500	2.552521E-02	1.817697E-05	1.003389E+03	7.145315E-01	2.928105E+05	8.261519E-01	2.485553E+03
20.000	2.556223E-02	1.820083E-05	1.003472E+03	7.144926E-01	2.933122E+05	8.275635E-01	2.487266E+03
20.500	2.559924E-02	1.822467E-05	1.003556E+03	7.144539E-01	2.938139E+05	8.289750E-01	2.488976E+03
21.000	2.563622E-02	1.824849E-05	1.003640E+03	7.144155E-01	2.943157E+05	8.303865E-01	2.490683E+03
21.500	2.567318E-02	1.827230E-05	1.003724E+03	7.143773E-01	2.948176E+05	8.317980E-01	2.492388E+03
22.000	2.571012E-02	1.829608E-05	1.003808E+03	7.143394E-01	2.953195E+05	8.332095E-01	2.494090E+03
22.500	2.574704E-02	1.831985E-05	1.003892E+03	7.143017E-01	2.958214E+05	8.346210E-01	2.495789E+03
23.000	2.578393E-02	1.834361E-05	1.003976E+03	7.142642E-01	2.963234E+05	8.360325E-01	2.497485E+03
23.500	2.582081E-02	1.836734E-05	1.004060E+03	7.142270E-01	2.968254E+05	8.374440E-01	2.499179E+03
24.000	2.585766E-02	1.839106E-05	1.004144E+03	7.141900E-01	2.973274E+05	8.388555E-01	2.500870E+03
24.500	2.589449E-02	1.841476E-05	1.004229E+03	7.141533E-01	2.978295E+05	8.402670E-01	2.502558E+03
25.000	2.593130E-02	1.843845E-05	1.004313E+03	7.141168E-01	2.983316E+05	8.416785E-01	2.504244E+03
25.500	2.596808E-02	1.846212E-05	1.004397E+03	7.140805E-01	2.988338E+05	8.430900E-01	2.505927E+03
26.000	2.600485E-02	1.848577E-05	1.004482E+03	7.140444E-01	2.993360E+05	8.445015E-01	2.507607E+03
26.500	2.604159E-02	1.850940E-05	1.004566E+03	7.140086E-01	2.998383E+05	8.459130E-01	2.509285E+03
27.000	2.607831E-02	1.853302E-05	1.004651E+03	7.139730E-01	3.003406E+05	8.473245E-01	2.510959E+03
27.500	2.611501E-02	1.855662E-05	1.004735E+03	7.139377E-01	3.008430E+05	8.487360E-01	2.512632E+03
28.000	2.615169E-02	1.858020E-05	1.004820E+03	7.139025E-01	3.013453E+05	8.501475E-01	2.514301E+03
28.500	2.618835E-02	1.860377E-05	1.004905E+03	7.138676E-01	3.018478E+05	8.515590E-01	2.515968E+03
29.000	2.622499E-02	1.862732E-05	1.004990E+03	7.138329E-01	3.023503E+05	8.529705E-01	2.517633E+03
29.500	2.626160E-02	1.865085E-05	1.005074E+03	7.137984E-01	3.028528E+05	8.543820E-01	2.519294E+03
30.000	2.629820E-02	1.867437E-05	1.005159E+03	7.137642E-01	3.033553E+05	8.557935E-01	2.520954E+03
30.500	2.633477E-02	1.869786E-05	1.005244E+03	7.137301E-01	3.038579E+05	8.572050E-01	2.522610E+03
31.000	2.637132E-02	1.872135E-05	1.005329E+03	7.136963E-01	3.043606E+05	8.586165E-01	2.524264E+03
31.500	2.640785E-02	1.874481E-05	1.005414E+03	7.136626E-01	3.048633E+05	8.600280E-01	2.525916E+03
32.000	2.644436E-02	1.876826E-05	1.005499E+03	7.136292E-01	3.053660E+05	8.614395E-01	2.527564E+03
32.500	2.648085E-02	1.879169E-05	1.005584E+03	7.135960E-01	3.058688E+05	8.628510E-01	2.529211E+03
33.000	2.651732E-02	1.881511E-05	1.005670E+03	7.135630E-01	3.063716E+05	8.642625E-01	2.530854E+03
33.500	2.655377E-02	1.883850E-05	1.005755E+03	7.135302E-01	3.068744E+05	8.656740E-01	2.532496E+03
34.000	2.659019E-02	1.886189E-05	1.005840E+03	7.134976E-01	3.073773E+05	8.670855E-01	2.534134E+03
34.500	2.662660E-02	1.888525E-05	1.005925E+03	7.134652E-01	3.078803E+05	8.684970E-01	2.535770E+03
35.000	2.666299E-02	1.890860E-05	1.006011E+03	7.134331E-01	3.083833E+05	8.699085E-01	2.537404E+03
35.500	2.669935E-02	1.893193E-05	1.006096E+03	7.134011E-01	3.088863E+05	8.713200E-01	2.539035E+03
36.000	2.673569E-02	1.895525E-05	1.006182E+03	7.133693E-01	3.093893E+05	8.727315E-01	2.540664E+03
36.500	2.677202E-02	1.897854E-05	1.006267E+03	7.133377E-01	3.098925E+05	8.741430E-01	2.542290E+03
37.000	2.680832E-02	1.900183E-05	1.006353E+03	7.133063E-01	3.103956E+05	8.755545E-01	2.543913E+03
37.500	2.684460E-02	1.902509E-05	1.006439E+03	7.132751E-01	3.108988E+05	8.769660E-01	2.545534E+03
38.000	2.688087E-02	1.904834E-05	1.006524E+03	7.132441E-01	3.114021E+05	8.783775E-01	2.547153E+03
38.500	2.691711E-02	1.907157E-05	1.006610E+03	7.132133E-01	3.119053E+05	8.797890E-01	2.548769E+03
39.000	2.695333E-02	1.909479E-05	1.006696E+03	7.131826E-01	3.124087E+05	8.812005E-01	2.550383E+03
39.500	2.698953E-02	1.911799E-05	1.006782E+03	7.131522E-01	3.129120E+05	8.826120E-01	2.551994E+03
40.000	2.702571E-02	1.914117E-05	1.006868E+03	7.131219E-01	3.134154E+05	8.840235E-01	2.553603E+03
40.500	2.706187E-02	1.916434E-05	1.006954E+03	7.130918E-01	3.139189E+05	8.854350E-01	2.555210E+03
41.000	2.709801E-02	1.918749E-05	1.007040E+03	7.130620E-01	3.144224E+05	8.868465E-01	2.556814E+03
41.500	2.713414E-02	1.921062E-05	1.007126E+03	7.130323E-01	3.149259E+05	8.882580E-01	2.558415E+03
42.000	2.717024E-02	1.923374E-05	1.007212E+03	7.130027E-01	3.154295E+05	8.896695E-01	2.560014E+03
42.500	2.720632E-02	1.925684E-05	1.007298E+03	7.129734E-01	3.159332E+05	8.910810E-01	2.561611E+03
43.000	2.724238E-02	1.927992E-05	1.007384E+03	7.129442E-01	3.164368E+05	8.924925E-01	2.563206E+03
43.500	2.727842E-02	1.930299E-05	1.007471E+03	7.129152E-01	3.169405E+05	8.939040E-01	2.564798E+03
44.000	2.731444E-02	1.932605E-05	1.007557E+03	7.128864E-01	3.174443E+05	8.953155E-01	2.566387E+03
44.500	2.735044E-02	1.934908E-05	1.007643E+03	7.128578E-01	3.179481E+05	8.967270E-01	2.567975E+03
45.000	2.738643E-02	1.937210E-05	1.007730E+03	7.128293E-01	3.184519E+05	8.981385E-01	2.569559E+03
45.500	2.742239E-02	1.939511E-05	1.007816E+03	7.128010E-01	3.189558E+05	8.995500E-01	2.571142E+03
46.000	2.745833E-02	1.941809E-05	1.007903E+03	7.127729E-01	3.194598E+05	9.009615E-01	2.572722E+03
46.500	2.749425E-02	1.944106E-05	1.007990E+03	7.127449E-01	3.199637E+05	9.023730E-01	2.574300E+03
47.000	2.753016E-02	1.946402E-05	1.008076E+03	7.127171E-01	3.204677E+05	9.037845E-01	2.575876E+03
47.500	2.756604E-02	1.948696E-05	1.008163E+03	7.126895E-01	3.209718E+05	9.051960E-01	2.577449E+03
48.000	2.760191E-02	1.950988E-05	1.008250E+03	7.126621E-01	3.214759E+05	9.066075E-01	2.579020E+03
48.500	2.763775E-02	1.953279E-05	1.008336E+03	7.126348E-01	3.219801E+05	9.080190E-01	2.580588E+03
49.000	2.767358E-02	1.955568E-05	1.008423E+03	7.126076E-01	3.224842E+05	9.094306E-01	2.582155E+03
49.500	2.770939E-02	1.957855E-05	1.008510E+03	7.125807E-01	3.229885E+05	9.108421E-01	2.583719E+03
50.000	2.774517E-02	1.960141E-05	1.008597E+03	7.125539E-01	3.234928E+05	9.122536E-01	2.585280E+03
50.500	2.778094E-02	1.962426E-05	1.008684E+03	7.125272E-01	3.239971E+05	9.136651E-01	2.586840E+03
51.000	2.781669E-02	1.964708E-05	1.008771E+03	7.125007E-01	3.245014E+05	9.150766E-01	2.588397E+03
51.500	2.785242E-02	1.966989E-05	1.008858E+03	7.124744E-01	3.250058E+05	9.164881E-01	2.589952E+03
52.000	2.788813E-02	1.969269E-05	1.008945E+03	7.124482E-01	3.255103E+05	9.178996E-01	2.591504E+03
52.500	2.792382E-02	1.971547E-05	1.009033E+03	7.124222E-01	3.260148E+05	9.193111E-01	2.593055E+03
53.000	2.795950E-02	1.973823E-05	1.009120E+03	7.123963E-01	3.265193E+05	9.207226E-01	2.594603E+03
53.500	2.799515E-02	1.976098E-05	1.009207E+03	7.123706E-01	3.270239E+05	9.221341E-01	2.596149E+03
54.000	2.803079E-02	1.978371E-05	1.009295E+03	7.123450E-01	3.275285E+05	9.235456E-01	2.597693E+03
54.500	2.806640E-02	1.980643E-05	1.009382E+03	7.123196E-01	3.280332E+05	9.249571E-01	2.599234E+03
55.000	2.810200E-02	1.982913E-05	1.009469E+03	7.122943E-01	3.285379E+05	9.263686E-01	2.600773E+03
55.500	2.813758E-02	1.985181E-05	1.009557E+03	7.122692E-01	3.290427E+05	9.277801E-01	2.602310E+03
56.000	2.817314E-02	1.987448E-05	1.009644E+03	7.122442E-01	3.295475E+05	9.291916E-01	2.603845E+03
56.500	2.820868E-02	1.989713E-05	1.009732E+03	7.122194E-01	3.300523E+05	9.306031E-01	2.605378E+03
57.000	2.824421E-02	1.991977E-05	1.009820E+03	7.121947E-01	3.305572E+05	9.320146E-01	2.606908E+03
57.500	2.827971E-02	1.994239E-05	1.009907E+03	7.121702E-01	3.310621E+05	9.334261E-01	2.608436E+03
58.000	2.831520E-02	1.996499E-05	1.009995E+03	7.121458E-01	3.315671E+05	9.348376E-01	2.609962E+03
58.500	2.835066E-02	1.998758E-05	1.010083E+03	7.121215E-01	3.320721E+05	9.362491E-01	2.611486E+03
59.000	2.838611E-02	2.001016E-05	1.010171E+03	7.120974E-01	3.325772E+05	9.376606E-01	2.613008E+03
59.500	2.842154E-02	2.003272E-05	1.010259E+03	7.120734E-01	3.330823E+05	9.390721E-01	2.614528E+03
60.000	2.845696E-02	2.005526E-05	1.010347E+03	7.120495E-01	3.335875E+05	9.404836E-01	2.616045E+03
60.500	2.849235E-02	2.007779E-05	1.010435E+03	7.120258E-01	3.340926E+05	9.418951E-01	2.617560E+03
61.000	2.852773E-02	2.010030E-05	1.010523E+03	7.120023E-01	3.345979E+05	9.433066E-01	2.619073E+03
61.500	2.856308E-02	2.012280E-05	1.010611E+03	7.119788E-01	3.351032E+05	9.447181E-01	2.620585E+03
62.000	2.859842E-02	2.014528E-05	1.010699E+03	7.119555E-01	3.356085E+05	9.461296E-01	2.622093E+03
62.500	2.863375E-02	2.016774E-05	1.010787E+03	7.119323E-01	3.361139E+05	9.475411E-01	2.623600E+03
63.000	2.866905E-02	2.019019E-05	1.010875E+03	7.119093E-01	3.366193E+05	9.489526E-01	2.625105E+03
63.500	2.870433E-02	2.021262E-05	1.010963E+03	7.118864E-01	3.371247E+05	9.503641E-01	2.626607E+03
64.000	2.873960E-02	2.023504E-05	1.011052E+03	7.118636E-01	3.376302E+05	9.517756E-01	2.628108E+03
64.500	2.877485E-02	2.025745E-05	1.011140E+03	7.118410E-01	3.381358E+05	9.531871E-01	2.629606E+03
65.000	2.881008E-02	2.027984E-05	1.011229E+03	7.118184E-01	3.386414E+05	9.545986E-01	2.631102E+03
65.500	2.884530E-02	2.030221E-05	1.011317E+03	7.117960E-01	3.391470E+05	9.560101E-01	2.632597E+03
66.000	2.888049E-02	2.032456E-05	1.011406E+03	7.117738E-01	3.396527E+05	9.574216E-01	2.634089E+03
66.500	2.891567E-02	2.034691E-05	1.011494E+03	7.117516E-01	3.401584E+05	9.588331E-01	2.635579E+03
67.000	2.895083E-02	2.036923E-05	1.011583E+03	7.117296E-01	3.406642E+05	9.602446E-01	2.637067E+03
67.500	2.898597E-02	2.039154E-05	1.011671E+03	7.117077E-01	3.411700E+05	9.616561E-01	2.638553E+03
68.000	2.902110E-02	2.041384E-05	1.011760E+03	7.116859E-01	3.416759E+05	9.630676E-01	2.640037E+03
68.500	2.905621E-02	2.043612E-05	1.011849E+03	7.116642E-01	3.421818E+05	9.644791E-01	2.641519E+03
69.000	2.909130E-02	2.045839E-05	1.011938E+03	7.116427E-01	3.426877E+05	9.658906E-01	2.642998E+03
69.500	2.912637E-02	2.048064E-05	1.012026E+03	7.116213E-01	3.431937E+05	9.673021E-01	2.644476E+03
70.000	2.916142E-02	2.050287E-05	1.012115E+03	7.116000E-01	3.436997E+05	9.687136E-01	2.645952E+03
70.500	2.919646E-02	2.052509E-05	1.012204E+03	7.115788E-01	3.442058E+05	9.701251E-01	2.647426E+03
71.000	2.923148E-02	2.054730E-05	1.012293E+03	7.115577E-01	3.447120E+05	9.715366E-01	2.648897E+03
71.500	2.926649E-02	2.056949E-05	1.012382E+03	7.115368E-01	3.452181E+05	9.729481E-01	2.650367E+03
72.000	2.930147E-02	2.059166E-05	1.012471E+03	7.115159E-01	3.457243E+05	9.743596E-01	2.651835E+03
72.500	2.933644E-02	2.061382E-05	1.012560E+03	7.114952E-01	3.462306E+05	9.757711E-01	2.653300E+03
73.000	2.937139E-02	2.063596E-05	1.012649E+03	7.114746E-01	3.467369E+05	9.771826E-01	2.654764E+03
73.500	2.940632E-02	2.065809E-05	1.012739E+03	7.114541E-01	3.472432E+05	9.785941E-01	2.656226E+03
74.000	2.944124E-02	2.068021E-05	1.012828E+03	7.114337E-01	3.477496E+05	9.800056E-01	2.657686E+03
74.500	2.947614E-02	2.070231E-05	1.012917E+03	7.114134E-01	3.482561E+05	9.814171E-01	2.659143E+03
75.000	2.951102E-02	2.072439E-05	1.013007E+03	7.113932E-01	3.487625E+05	9.828286E-01	2.660599E+03
75.500	2.954589E-02	2.074646E-05	1.013096E+03	7.113732E-01	3.492691E+05	9.842401E-01	2.662053E+03
76.000	2.958074E-02	2.076851E-05	1.013185E+03	7.113532E-01	3.497756E+05	9.856516E-01	2.663505E+03
76.500	2.961557E-02	2.079055E-05	1.013275E+03	7.113334E-01	3.502823E+05	9.870631E-01	2.664955E+03
77.000	2.965039E-02	2.081258E-05	1.013364E+03	7.113136E-01	3.507889E+05	9.884746E-01	2.666403E+03
77.500	2.968518E-02	2.083459E-05	1.013454E+03	7.112940E-01	3.512956E+05	9.898861E-01	2.667849E+03
78.000	2.971996E-02	2.085658E-05	1.013544E+03	7.112744E-01	3.518024E+05	9.912976E-01	2.669293E+03
78.500	2.975473E-02	2.087856E-05	1.013633E+03	7.112550E-01	3.523092E+05	9.927092E-01	2.670735E+03
79.000	2.978948E-02	2.090052E-05	1.013723E+03	7.112357E-01	3.528160E+05	9.941207E-01	2.672176E+03
79.500	2.982421E-02	2.092247E-05	1.013813E+03	7.112165E-01	3.533229E+05	9.955322E-01	2.673614E+03
80.000	2.985892E-02	2.094441E-05	1.013902E+03	7.111973E-01	3.538298E+05	9.969437E-01	2.675051E+03