-1.500000E+02	5.000000E-02	-1.500000E+02	-1.570573E+02	9.825607E+02	2.775559E-16	-1.470336E+05
-1.500000E+02	1.000000E-01	-1.500000E+02	-1.556951E+02	9.825607E+02	5.551117E-16	-1.470336E+05
-1.500000E+02	1.500000E-01	-1.500000E+02	-1.543329E+02	9.825607E+02	8.326676E-16	-1.470336E+05
-1.500000E+02	2.000000E-01	-1.500000E+02	-1.529707E+02	9.825607E+02	1.110223E-15	-1.470336E+05
-1.500000E+02	2.500000E-01	-1.500000E+02	-1.516085E+02	9.825607E+02	1.387779E-15	-1.470336E+05
-1.500000E+02	3.000000E-01	-1.500000E+02	-1.502463E+02	9.825607E+02	1.665335E-15	-1.470336E+05
-1.500000E+02	3.500000E-01	-1.500000E+02	-1.500000E+02	9.825607E+02	1.942891E-15	-1.470336E+05
-1.500000E+02	4.000000E-01	-1.500000E+02	-1.500000E+02	9.825607E+02	2.220447E-15	-1.470336E+05
-1.500000E+02	4.500000E-01	-1.500000E+02	-1.500000E+02	9.825607E+02	2.498003E-15	-1.470336E+05
-1.500000E+02	5.000000E-01	-1.500000E+02	-1.500000E+02	9.825607E+02	2.775559E-15	-1.470336E+05
-1.500000E+02	5.500000E-01	-1.500000E+02	-1.500000E+02	9.825607E+02	3.053115E-15	-1.470336E+05
-1.500000E+02	6.000000E-01	-1.500000E+02	-1.500000E+02	9.825607E+02	3.330670E-15	-1.470336E+05
-1.500000E+02	6.500000E-01	-1.500000E+02	-1.500000E+02	9.825607E+02	3.608226E-15	-1.470336E+05
-1.500000E+02	7.000000E-01	-1.500000E+02	-1.500000E+02	9.825607E+02	3.885782E-15	-1.470336E+05
-1.500000E+02	7.500000E-01	-1.500000E+02	-1.500000E+02	9.825607E+02	4.163338E-15	-1.470336E+05
-1.500000E+02	8.000000E-01	-1.500000E+02	-1.500000E+02	9.825607E+02	4.440894E-15	-1.470336E+05
-1.500000E+02	8.500000E-01	-1.500000E+02	-1.500000E+02	9.825607E+02	4.718450E-15	-1.470336E+05
-1.500000E+02	9.000000E-01	-1.500000E+02	-1.500000E+02	9.825607E+02	4.996006E-15	-1.470336E+05
-1.500000E+02	9.500000E-01	-1.500000E+02	-1.500000E+02	9.825607E+02	5.273562E-15	-1.470336E+05
-1.500000E+02	1.000000E+00	-1.500000E+02	-1.500000E+02	9.825607E+02	5.551117E-15	-1.470336E+05
-1.450000E+02	5.000000E-02	-1.450000E+02	-1.523785E+02	9.602054E+02	1.886340E-15	-1.421820E+05
-1.450000E+02	1.000000E-01	-1.450000E+02	-1.511542E+02	9.602054E+02	3.772680E-15	-1.421820E+05
-1.450000E+02	1.500000E-01	-1.450000E+02	-1.499300E+02	9.602054E+02	5.659019E-15	-1.421820E+05
-1.450000E+02	2.000000E-01	-1.450000E+02	-1.487057E+02	9.602054E+02	7.545359E-15	-1.421820E+05
-1.450000E+02	2.500000E-01	-1.450000E+02	-1.474814E+02	9.602054E+02	9.431699E-15	-1.421820E+05
-1.450000E+02	3.000000E-01	-1.450000E+02	-1.462572E+02	9.602054E+02	1.131803E-14	-1.421820E+05
-1.450000E+02	3.500000E-01	-1.450000E+02	-1.450329E+02	9.602054E+02	1.320437E-14	-1.421820E+05
-1.450000E+02	4.000000E-01	-1.450000E+02	-1.450000E+02	9.602054E+02	1.509072E-14	-1.421820E+05
-1.450000E+02	4.500000E-01	-1.450000E+02	-1.450000E+02	9.602054E+02	1.697706E-14	-1.421820E+05
-1.450000E+02	5.000000E-01	-1.450000E+02	-1.450000E+02	9.602054E+02	1.886340E-14	-1.421820E+05
-1.450000E+02	5.500000E-01	-1.450000E+02	-1.450000E+02	9.602054E+02	2.074974E-14	-1.421820E+05
-1.450000E+02	6.000000E-01	-1.450000E+02	-1.450000E+02	9.602054E+02	2.263608E-14	-1.421820E+05
-1.450000E+02	6.500000E-01	-1.450000E+02	-1.450000E+02	9.602054E+02	2.452242E-14	-1.421820E+05
-1.450000E+02	7.000000E-01	-1.450000E+02	-1.450000E+02	9.602054E+02	2.640876E-14	-1.421820E+05
-1.450000E+02	7.500000E-01	-1.450000E+02	-1.450000E+02	9.602054E+02	2.829510E-14	-1.421820E+05
-1.450000E+02	8.000000E-01	-1.450000E+02	-1.450000E+02	9.602054E+02	3.018144E-14	-1.421820E+05
-1.450000E+02	8.500000E-01	-1.450000E+02	-1.450000E+02	9.602054E+02	3.206778E-14	-1.421820E+05
-1.450000E+02	9.000000E-01	-1.450000E+02	-1.450000E+02	9.602054E+02	3.395412E-14	-1.421820E+05
-1.450000E+02	9.500000E-01	-1.450000E+02	-1.450000E+02	9.602054E+02	3.584046E-14	-1.421820E+05
-1.450000E+02	1.000000E+00	-1.450000E+02	-1.450000E+02	9.602054E+02	3.772680E-14	-1.421820E+05
-1.400000E+02	5.000000E-02	-1.400000E+02	-1.476754E+02	9.476733E+02	1.113073E-14	-1.374159E+05
-1.400000E+02	1.000000E-01	-1.400000E+02	-1.465557E+02	9.476733E+02	2.226148E-14	-1.374159E+05
-1.400000E+02	1.500000E-01	-1.400000E+02	-1.454360E+02	9.476733E+02	3.339222E-14	-1.374159E+05
-1.400000E+02	2.000000E-01	-1.400000E+02	-1.443164E+02	9.476733E+02	4.452295E-14	-1.374159E+05
-1.400000E+02	2.500000E-01	-1.400000E+02	-1.431967E+02	9.476733E+02	5.565369E-14	-1.374159E+05
-1.400000E+02	3.000000E-01	-1.400000E+02	-1.420770E+02	9.476733E+02	6.678443E-14	-1.374159E+05
-1.400000E+02	3.500000E-01	-1.400000E+02	-1.409573E+02	9.476733E+02	7.791517E-14	-1.374159E+05
-1.400000E+02	4.000000E-01	-1.400000E+02	-1.400000E+02	9.476733E+02	8.904591E-14	-1.374159E+05
-1.400000E+02	4.500000E-01	-1.400000E+02	-1.400000E+02	9.476733E+02	1.001766E-13	-1.374159E+05
-1.400000E+02	5.000000E-01	-1.400000E+02	-1.400000E+02	9.476733E+02	1.113073E-13	-1.374159E+05
-1.400000E+02	5.500000E-01	-1.400000E+02	-1.400000E+02	9.476733E+02	1.224381E-13	-1.374159E+05
-1.400000E+02	6.000000E-01	-1.400000E+02	-1.400000E+02	9.476733E+02	1.335689E-13	-1.374159E+05
-1.400000E+02	6.500000E-01	-1.400000E+02	-1.400000E+02	9.476733E+02	1.446996E-13	-1.374159E+05
-1.400000E+02	7.000000E-01	-1.400000E+02	-1.400000E+02	9.476733E+02	1.558303E-13	-1.374159E+05
-1.400000E+02	7.500000E-01	-1.400000E+02	-1.400000E+02	9.476733E+02	1.669611E-13	-1.374159E+05
-1.400000E+02	8.000000E-01	-1.400000E+02	-1.400000E+02	9.476733E+02	1.780918E-13	-1.374159E+05
-1.400000E+02	8.500000E-01	-1.400000E+02	-1.400000E+02	9.476733E+02	1.892226E-13	-1.374159E+05
-1.400000E+02	9.000000E-01	-1.400000E+02	-1.400000E+02	9.476733E+02	2.003533E-13	-1.374159E+05
-1.400000E+02	9.500000E-01	-1.400000E+02	-1.400000E+02	9.476733E+02	2.114840E-13	-1.374159E+05
-1.400000E+02	1.000000E+00	-1.400000E+02	-1.400000E+02	9.476733E+02	2.226148E-13	-1.374159E+05
-1.350000E+02	5.000000E-02	-1.350000E+02	-1.429570E+02	9.418395E+02	5.789395E-14	-1.326946E+05
-1.350000E+02	1.000000E-01	-1.350000E+02	-1.419177E+02	9.418395E+02	1.157879E-13	-1.326946E+05
-1.350000E+02	1.500000E-01	-1.350000E+02	-1.408784E+02	9.418395E+02	1.736819E-13	-1.326946E+05
-1.350000E+02	2.000000E-01	-1.350000E+02	-1.398391E+02	9.418395E+02	2.315758E-13	-1.326946E+05
-1.350000E+02	2.500000E-01	-1.350000E+02	-1.387999E+02	9.418395E+02	2.894698E-13	-1.326946E+05
-1.350000E+02	3.000000E-01	-1.350000E+02	-1.377606E+02	9.418395E+02	3.473637E-13	-1.326946E+05
-1.350000E+02	3.500000E-01	-1.350000E+02	-1.367213E+02	9.418395E+02	4.052577E-13	-1.326946E+05
-1.350000E+02	4.000000E-01	-1.350000E+02	-1.356821E+02	9.418395E+02	4.631516E-13	-1.326946E+05
-1.350000E+02	4.500000E-01	-1.350000E+02	-1.350000E+02	9.418395E+02	5.210456E-13	-1.326946E+05
-1.350000E+02	5.000000E-01	-1.350000E+02	-1.350000E+02	9.418395E+02	5.789395E-13	-1.326946E+05
-1.350000E+02	5.500000E-01	-1.350000E+02	-1.350000E+02	9.418395E+02	6.368335E-13	-1.326946E+05
-1.350000E+02	6.000000E-01	-1.350000E+02	-1.350000E+02	9.418395E+02	6.947274E-13	-1.326946E+05
-1.350000E+02	6.500000E-01	-1.350000E+02	-1.350000E+02	9.418395E+02	7.526214E-13	-1.326946E+05
-1.350000E+02	7.000000E-01	-1.350000E+02	-1.350000E+02	9.418395E+02	8.105153E-13	-1.326946E+05
-1.350000E+02	7.500000E-01	-1.350000E+02	-1.350000E+02	9.418395E+02	8.684093E-13	-1.326946E+05
-1.350000E+02	8.000000E-01	-1.350000E+02	-1.350000E+02	9.418395E+02	9.263032E-13	-1.326946E+05
-1.350000E+02	8.500000E-01	-1.350000E+02	-1.350000E+02	9.418395E+02	9.841972E-13	-1.326946E+05
-1.350000E+02	9.000000E-01	-1.350000E+02	-1.350000E+02	9.418395E+02	1.042091E-12	-1.326946E+05
-1.350000E+02	9.500000E-01	-1.350000E+02	-1.350000E+02	9.418395E+02	1.099985E-12	-1.326946E+05
-1.350000E+02	1.000000E+00	-1.350000E+02	-1.350000E+02	9.418395E+02	1.157879E-12	-1.326946E+05
-1.300000E+02	5.000000E-02	-1.300000E+02	-1.382293E+02	9.405005E+02	2.689100E-13	-1.279903E+05
-1.300000E+02	1.000000E-01	-1.300000E+02	-1.372525E+02	9.405005E+02	5.378200E-13	-1.279903E+05
-1.300000E+02	1.500000E-01	-1.300000E+02	-1.362756E+02	9.405005E+02	8.067300E-13	-1.279903E+05
-1.300000E+02	2.000000E-01	-1.300000E+02	-1.352987E+02	9.405005E+02	1.075640E-12	-1.279903E+05
-1.300000E+02	2.500000E-01	-1.300000E+02	-1.343219E+02	9.405005E+02	1.344550E-12	-1.279903E+05
-1.300000E+02	3.000000E-01	-1.300000E+02	-1.333450E+02	9.405005E+02	1.613460E-12	-1.279903E+05
-1.300000E+02	3.500000E-01	-1.300000E+02	-1.323682E+02	9.405005E+02	1.882370E-12	-1.279903E+05
-1.300000E+02	4.000000E-01	-1.300000E+02	-1.313913E+02	9.405005E+02	2.151280E-12	-1.279903E+05
-1.300000E+02	4.500000E-01	-1.300000E+02	-1.304145E+02	9.405005E+02	2.420190E-12	-1.279903E+05
-1.300000E+02	5.000000E-01	-1.300000E+02	-1.300000E+02	9.405005E+02	2.689100E-12	-1.279903E+05
-1.300000E+02	5.500000E-01	-1.300000E+02	-1.300000E+02	9.405005E+02	2.958010E-12	-1.279903E+05
-1.300000E+02	6.000000E-01	-1.300000E+02	-1.300000E+02	9.405005E+02	3.226920E-12	-1.279903E+05
-1.300000E+02	6.500000E-01	-1.300000E+02	-1.300000E+02	9.405005E+02	3.495830E-12	-1.279903E+05
-1.300000E+02	7.000000E-01	-1.300000E+02	-1.300000E+02	9.405005E+02	3.764740E-12	-1.279903E+05
-1.300000E+02	7.500000E-01	-1.300000E+02	-1.300000E+02	9.405005E+02	4.033650E-12	-1.279903E+05
-1.300000E+02	8.000000E-01	-1.300000E+02	-1.300000E+02	9.405005E+02	4.302560E-12	-1.279903E+05
-1.300000E+02	8.500000E-01	-1.300000E+02	-1.300000E+02	9.405005E+02	4.571470E-12	-1.279903E+05
-1.300000E+02	9.000000E-01	-1.300000E+02	-1.300000E+02	9.405005E+02	4.840380E-12	-1.279903E+05
-1.300000E+02	9.500000E-01	-1.300000E+02	-1.300000E+02	9.405005E+02	5.109290E-12	-1.279903E+05
-1.300000E+02	1.000000E+00	-1.300000E+02	-1.300000E+02	9.405005E+02	5.378200E-12	-1.279903E+05
-1.250000E+02	5.000000E-02	-1.250000E+02	-1.334966E+02	9.421025E+02	1.128097E-12	-1.232848E+05
-1.250000E+02	1.000000E-01	-1.250000E+02	-1.325685E+02	9.421025E+02	2.256194E-12	-1.232848E+05
-1.250000E+02	1.500000E-01	-1.250000E+02	-1.316404E+02	9.421025E+02	3.384291E-12	-1.232848E+05
-1.250000E+02	2.000000E-01	-1.250000E+02	-1.307123E+02	9.421025E+02	4.512388E-12	-1.232848E+05
-1.250000E+02	2.500000E-01	-1.250000E+02	-1.297842E+02	9.421025E+02	5.640485E-12	-1.232848E+05
-1.250000E+02	3.000000E-01	-1.250000E+02	-1.288561E+02	9.421025E+02	6.768582E-12	-1.232848E+05
-1.250000E+02	3.500000E-01	-1.250000E+02	-1.279280E+02	9.421025E+02	7.896679E-12	-1.232848E+05
-1.250000E+02	4.000000E-01	-1.250000E+02	-1.269999E+02	9.421025E+02	9.024776E-12	-1.232848E+05
-1.250000E+02	4.500000E-01	-1.250000E+02	-1.260717E+02	9.421025E+02	1.015287E-11	-1.232848E+05
-1.250000E+02	5.000000E-01	-1.250000E+02	-1.251436E+02	9.421025E+02	1.128097E-11	-1.232848E+05
-1.250000E+02	5.500000E-01	-1.250000E+02	-1.250000E+02	9.421025E+02	1.240906E-11	-1.232848E+05
-1.250000E+02	6.000000E-01	-1.250000E+02	-1.250000E+02	9.421025E+02	1.353716E-11	-1.232848E+05
-1.250000E+02	6.500000E-01	-1.250000E+02	-1.250000E+02	9.421025E+02	1.466526E-11	-1.232848E+05
-1.250000E+02	7.000000E-01	-1.250000E+02	-1.250000E+02	9.421025E+02	1.579336E-11	-1.232848E+05
-1.250000E+02	7.500000E-01	-1.250000E+02	-1.250000E+02	9.421025E+02	1.692146E-11	-1.232848E+05
-1.250000E+02	8.000000E-01	-1.250000E+02	-1.250000E+02	9.421025E+02	1.804955E-11	-1.232848E+05
-1.250000E+02	8.500000E-01	-1.250000E+02	-1.250000E+02	9.421025E+02	1.917765E-11	-1.232848E+05
-1.250000E+02	9.000000E-01	-1.250000E+02	-1.250000E+02	9.421025E+02	2.030575E-11	-1.232848E+05
-1.250000E+02	9.500000E-01	-1.250000E+02	-1.250000E+02	9.421025E+02	2.143384E-11	-1.232848E+05
-1.250000E+02	1.000000E+00	-1.250000E+02	-1.250000E+02	9.421025E+02	2.256194E-11	-1.232848E+05
-1.200000E+02	5.000000E-02	-1.200000E+02	-1.287619E+02	9.455518E+02	4.316364E-12	-1.185663E+05
-1.200000E+02	1.000000E-01	-1.200000E+02	-1.278719E+02	9.455518E+02	8.632727E-12	-1.185663E+05
-1.200000E+02	1.500000E-01	-1.200000E+02	-1.269820E+02	9.455518E+02	1.294909E-11	-1.185663E+05
-1.200000E+02	2.000000E-01	-1.200000E+02	-1.260920E+02	9.455518E+02	1.726545E-11	-1.185663E+05
-1.200000E+02	2.500000E-01	-1.200000E+02	-1.252020E+02	9.455518E+02	2.158182E-11	-1.185663E+05
-1.200000E+02	3.000000E-01	-1.200000E+02	-1.243121E+02	9.455518E+02	2.589818E-11	-1.185663E+05
-1.200000E+02	3.500000E-01	-1.200000E+02	-1.234221E+02	9.455518E+02	3.021454E-11	-1.185663E+05
-1.200000E+02	4.000000E-01	-1.200000E+02	-1.225322E+02	9.455518E+02	3.453091E-11	-1.185663E+05
-1.200000E+02	4.500000E-01	-1.200000E+02	-1.216422E+02	9.455518E+02	3.884727E-11	-1.185663E+05
-1.200000E+02	5.000000E-01	-1.200000E+02	-1.207522E+02	9.455518E+02	4.316364E-11	-1.185663E+05
-1.200000E+02	5.500000E-01	-1.200000E+02	-1.200000E+02	9.455518E+02	4.748000E-11	-1.185663E+05
-1.200000E+02	6.000000E-01	-1.200000E+02	-1.200000E+02	9.455518E+02	5.179636E-11	-1.185663E+05
-1.200000E+02	6.500000E-01	-1.200000E+02	-1.200000E+02	9.455518E+02	5.611273E-11	-1.185663E+05
-1.200000E+02	7.000000E-01	-1.200000E+02	-1.200000E+02	9.455518E+02	6.042909E-11	-1.185663E+05
-1.200000E+02	7.500000E-01	-1.200000E+02	-1.200000E+02	9.455518E+02	6.474545E-11	-1.185663E+05
-1.200000E+02	8.000000E-01	-1.200000E+02	-1.200000E+02	9.455518E+02	6.906182E-11	-1.185663E+05
-1.200000E+02	8.500000E-01	-1.200000E+02	-1.200000E+02	9.455518E+02	7.337818E-11	-1.185663E+05
-1.200000E+02	9.000000E-01	-1.200000E+02	-1.200000E+02	9.455518E+02	7.769454E-11	-1.185663E+05
-1.200000E+02	9.500000E-01	-1.200000E+02	-1.200000E+02	9.455518E+02	8.201091E-11	-1.185663E+05
-1.200000E+02	1.000000E+00	-1.200000E+02	-1.200000E+02	9.455518E+02	8.632727E-11	-1.185663E+05
-1.150000E+02	5.000000E-02	-1.150000E+02	-1.240273E+02	9.500828E+02	1.519333E-11	-1.138276E+05
-1.150000E+02	1.000000E-01	-1.150000E+02	-1.231671E+02	9.500828E+02	3.038665E-11	-1.138276E+05
-1.150000E+02	1.500000E-01	-1.150000E+02	-1.223069E+02	9.500828E+02	4.557998E-11	-1.138276E+05
-1.150000E+02	2.000000E-01	-1.150000E+02	-1.214467E+02	9.500828E+02	6.077330E-11	-1.138276E+05
-1.150000E+02	2.500000E-01	-1.150000E+02	-1.205865E+02	9.500828E+02	7.596663E-11	-1.138276E+05
-1.150000E+02	3.000000E-01	-1.150000E+02	-1.197263E+02	9.500828E+02	9.115995E-11	-1.138276E+05
-1.150000E+02	3.500000E-01	-1.150000E+02	-1.188662E+02	9.500828E+02	1.063532E-10	-1.138276E+05
-1.150000E+02	4.000000E-01	-1.150000E+02	-1.180060E+02	9.500828E+02	1.215466E-10	-1.138276E+05
-1.150000E+02	4.500000E-01	-1.150000E+02	-1.171458E+02	9.500828E+02	1.367399E-10	-1.138276E+05
-1.150000E+02	5.000000E-01	-1.150000E+02	-1.162856E+02	9.500828E+02	1.519333E-10	-1.138276E+05
-1.150000E+02	5.500000E-01	-1.150000E+02	-1.154254E+02	9.500828E+02	1.671266E-10	-1.138276E+05
-1.150000E+02	6.000000E-01	-1.150000E+02	-1.150000E+02	9.500828E+02	1.823199E-10	-1.138276E+05
-1.150000E+02	6.500000E-01	-1.150000E+02	-1.150000E+02	9.500828E+02	1.975132E-10	-1.138276E+05
-1.150000E+02	7.000000E-01	-1.150000E+02	-1.150000E+02	9.500828E+02	2.127066E-10	-1.138276E+05
-1.150000E+02	7.500000E-01	-1.150000E+02	-1.150000E+02	9.500828E+02	2.278999E-10	-1.138276E+05
-1.150000E+02	8.000000E-01	-1.150000E+02	-1.150000E+02	9.500828E+02	2.430932E-10	-1.138276E+05
-1.150000E+02	8.500000E-01	-1.150000E+02	-1.150000E+02	9.500828E+02	2.582865E-10	-1.138276E+05
-1.150000E+02	9.000000E-01	-1.150000E+02	-1.150000E+02	9.500828E+02	2.734799E-10	-1.138276E+05
-1.150000E+02	9.500000E-01	-1.150000E+02	-1.150000E+02	9.500828E+02	2.886732E-10	-1.138276E+05
-1.150000E+02	1.000000E+00	-1.150000E+02	-1.150000E+02	9.500828E+02	3.038665E-10	-1.138276E+05
-1.100000E+02	5.000000E-02	-1.100000E+02	-1.192944E+02	9.551635E+02	4.957111E-11	-1.090646E+05
-1.100000E+02	1.000000E-01	-1.100000E+02	-1.184573E+02	9.551635E+02	9.914222E-11	-1.090646E+05
-1.100000E+02	1.500000E-01	-1.100000E+02	-1.176201E+02	9.551635E+02	1.487133E-10	-1.090646E+05
-1.100000E+02	2.000000E-01	-1.100000E+02	-1.167830E+02	9.551635E+02	1.982844E-10	-1.090646E+05
-1.100000E+02	2.500000E-01	-1.100000E+02	-1.159459E+02	9.551635E+02	2.478555E-10	-1.090646E+05
-1.100000E+02	3.000000E-01	-1.100000E+02	-1.151087E+02	9.551635E+02	2.974267E-10	-1.090646E+05
-1.100000E+02	3.500000E-01	-1.100000E+02	-1.142716E+02	9.551635E+02	3.469978E-10	-1.090646E+05
-1.100000E+02	4.000000E-01	-1.100000E+02	-1.134344E+02	9.551635E+02	3.965689E-10	-1.090646E+05
-1.100000E+02	4.500000E-01	-1.100000E+02	-1.125973E+02	9.551635E+02	4.461400E-10	-1.090646E+05
-1.100000E+02	5.000000E-01	-1.100000E+02	-1.117601E+02	9.551635E+02	4.957111E-10	-1.090646E+05
-1.100000E+02	5.500000E-01	-1.100000E+02	-1.109230E+02	9.551635E+02	5.452822E-10	-1.090646E+05
-1.100000E+02	6.000000E-01	-1.100000E+02	-1.100858E+02	9.551635E+02	5.948533E-10	-1.090646E+05
-1.100000E+02	6.500000E-01	-1.100000E+02	-1.100000E+02	9.551635E+02	6.444244E-10	-1.090646E+05
-1.100000E+02	7.000000E-01	-1.100000E+02	-1.100000E+02	9.551635E+02	6.939955E-10	-1.090646E+05
-1.100000E+02	7.500000E-01	-1.100000E+02	-1.100000E+02	9.551635E+02	7.435666E-10	-1.090646E+05
-1.100000E+02	8.000000E-01	-1.100000E+02	-1.100000E+02	9.551635E+02	7.931378E-10	-1.090646E+05
-1.100000E+02	8.500000E-01	-1.100000E+02	-1.121507E+02	9.551635E+02	8.427089E-10	-1.090646E+05
-1.100000E+02	9.000000E-01	-1.100000E+02	-1.122453E+02	9.551635E+02	8.922800E-10	-1.090646E+05
-1.100000E+02	9.500000E-01	-1.100000E+02	-1.123775E+02	9.551635E+02	9.418511E-10	-1.090646E+05
-1.100000E+02	1.000000E+00	-1.100000E+02	-1.100000E+02	9.551635E+02	9.914222E-10	-1.090646E+05
-1.050000E+02	5.000000E-02	-1.050000E+02	-1.145645E+02	9.604297E+02	1.509165E-10	-1.042757E+05
-1.050000E+02	1.000000E-01	-1.050000E+02	-1.137449E+02	9.604297E+02	3.018330E-10	-1.042757E+05
-1.050000E+02	1.500000E-01	-1.050000E+02	-1.129253E+02	9.604297E+02	4.527496E-10	-1.042757E+05
-1.050000E+02	2.000000E-01	-1.050000E+02	-1.121057E+02	9.604297E+02	6.036661E-10	-1.042757E+05
-1.050000E+02	2.500000E-01	-1.050000E+02	-1.112862E+02	9.604297E+02	7.545826E-10	-1.042757E+05
-1.050000E+02	3.000000E-01	-1.050000E+02	-1.104666E+02	9.604297E+02	9.054991E-10	-1.042757E+05
-1.050000E+02	3.500000E-01	-1.050000E+02	-1.096470E+02	9.604297E+02	1.056415E-09	-1.042757E+05
-1.050000E+02	4.000000E-01	-1.050000E+02	-1.088274E+02	9.604297E+02	1.207332E-09	-1.042757E+05
-1.050000E+02	4.500000E-01	-1.050000E+02	-1.088583E+02	9.604297E+02	1.358248E-09	-1.042757E+05
-1.050000E+02	5.000000E-01	-1.050000E+02	-1.085789E+02	9.604297E+02	1.509165E-09	-1.042757E+05
-1.050000E+02	5.500000E-01	-1.050000E+02	-1.083884E+02	9.604297E+02	1.660082E-09	-1.042757E+05
-1.050000E+02	6.000000E-01	-1.050000E+02	-1.075008E+02	9.604297E+02	1.810998E-09	-1.042757E+05
-1.050000E+02	6.500000E-01	-1.050000E+02	-1.072496E+02	9.604297E+02	1.961915E-09	-1.042757E+05
-1.050000E+02	7.000000E-01	-1.050000E+02	-1.065582E+02	9.604297E+02	2.112831E-09	-1.042757E+05
-1.050000E+02	7.500000E-01	-1.050000E+02	-1.061849E+02	9.604297E+02	2.263748E-09	-1.042757E+05
-1.050000E+02	8.000000E-01	-1.050000E+02	-1.058015E+02	9.604297E+02	2.414664E-09	-1.042757E+05
-1.050000E+02	8.500000E-01	-1.050000E+02	-1.053985E+02	9.604297E+02	2.565581E-09	-1.042757E+05
-1.050000E+02	9.000000E-01	-1.050000E+02	-1.055613E+02	9.604297E+02	2.716497E-09	-1.042757E+05
-1.050000E+02	9.500000E-01	-1.050000E+02	-1.053687E+02	9.604297E+02	2.867414E-09	-1.042757E+05
-1.050000E+02	1.000000E+00	-1.050000E+02	-1.050218E+02	9.604297E+02	3.018330E-09	-1.042757E+05
-1.000000E+02	5.000000E-02	-1.000000E+02	-1.116817E+02	9.656364E+02	4.312585E-10	-9.946049E+04
-1.000000E+02	1.000000E-01	-1.000000E+02	-1.100978E+02	9.656364E+02	8.625171E-10	-9.946048E+04
-1.000000E+02	1.500000E-01	-1.000000E+02	-1.087233E+02	9.656364E+02	1.293775E-09	-9.946048E+04
-1.000000E+02	2.000000E-01	-1.000000E+02	-1.074187E+02	9.656364E+02	1.725034E-09	-9.946048E+04
-1.000000E+02	2.500000E-01	-1.000000E+02	-1.066122E+02	9.656364E+02	2.156293E-09	-9.946048E+04
-1.000000E+02	3.000000E-01	-1.000000E+02	-1.056960E+02	9.656364E+02	2.587551E-09	-9.946048E+04
-1.000000E+02	3.500000E-01	-1.000000E+02	-1.049993E+02	9.656364E+02	3.018810E-09	-9.946048E+04
-1.000000E+02	4.000000E-01	-1.000000E+02	-1.044333E+02	9.656364E+02	3.450068E-09	-9.946048E+04
-1.000000E+02	4.500000E-01	-1.000000E+02	-1.039838E+02	9.656364E+02	3.881327E-09	-9.946048E+04
-1.000000E+02	5.000000E-01	-1.000000E+02	-1.033555E+02	9.656364E+02	4.312585E-09	-9.946048E+04
-1.000000E+02	5.500000E-01	-1.000000E+02	-1.029359E+02	9.656364E+02	4.743844E-09	-9.946048E+04
-1.000000E+02	6.000000E-01	-1.000000E+02	-1.024606E+02	9.656364E+02	5.175102E-09	-9.946047E+04
-1.000000E+02	6.500000E-01	-1.000000E+02	-1.020674E+02	9.656364E+02	5.606361E-09	-9.946047E+04
-1.000000E+02	7.000000E-01	-1.000000E+02	-1.016915E+02	9.656364E+02	6.037619E-09	-9.946047E+04
-1.000000E+02	7.500000E-01	-1.000000E+02	-1.013249E+02	9.656364E+02	6.468878E-09	-9.946047E+04
-1.000000E+02	8.000000E-01	-1.000000E+02	-1.010945E+02	9.656364E+02	6.900137E-09	-9.946047E+04
-1.000000E+02	8.500000E-01	-1.000000E+02	-1.008094E+02	9.656364E+02	7.331395E-09	-9.946047E+04
-1.000000E+02	9.000000E-01	-1.000000E+02	-1.005475E+02	9.656364E+02	7.762654E-09	-9.946047E+04
-1.000000E+02	9.500000E-01	-1.000000E+02	-1.002536E+02	9.656364E+02	8.193912E-09	-9.946047E+04
-1.000000E+02	1.000000E+00	-1.000000E+02	-1.000063E+02	9.656364E+02	8.625171E-09	-9.946047E+04
-9.500000E+01	5.000000E-02	-9.500006E+01	-1.091406E+02	9.706243E+02	1.162805E-09	-9.461971E+04
-9.500000E+01	1.000000E-01	-9.500006E+01	-1.060821E+02	9.706243E+02	2.325611E-09	-9.461970E+04
-9.500000E+01	1.500000E-01	-9.500006E+01	-1.043143E+02	9.706243E+02	3.488416E-09	-9.461970E+04
-9.500000E+01	2.000000E-01	-9.500005E+01	-1.029523E+02	9.706243E+02	4.651222E-09	-9.461970E+04
-9.500000E+01	2.500000E-01	-9.500005E+01	-1.019275E+02	9.706243E+02	5.814027E-09	-9.461970E+04
-9.500000E+01	3.000000E-01	-9.500005E+01	-1.010239E+02	9.706243E+02	6.976833E-09	-9.461969E+04
-9.500000E+01	3.500000E-01	-9.500004E+01	-1.002748E+02	9.706243E+02	8.139638E-09	-9.461969E+04
-9.500000E+01	4.000000E-01	-9.500004E+01	-9.965161E+01	9.706243E+02	9.302444E-09	-9.461969E+04
-9.500000E+01	4.500000E-01	-9.500004E+01	-9.904981E+01	9.706243E+02	1.046524E-08	-9.461969E+04
-9.500000E+01	5.000000E-01	-9.500003E+01	-9.853490E+01	9.706243E+02	1.162805E-08	-9.461968E+04
-9.500000E+01	5.500000E-01	-9.500003E+01	-9.804606E+01	9.706243E+02	1.279086E-08	-9.461968E+04
-9.500000E+01	6.000000E-01	-9.500003E+01	-9.760651E+01	9.706243E+02	1.395366E-08	-9.461968E+04
-9.500000E+01	6.500000E-01	-9.500002E+01	-9.719682E+01	9.706243E+02	1.511647E-08	-9.461967E+04
-9.500000E+01	7.000000E-01	-9.500002E+01	-9.683078E+01	9.706243E+02	1.627928E-08	-9.461967E+04
-9.500000E+01	7.500000E-01	-9.500002E+01	-9.648038E+01	9.706243E+02	1.744208E-08	-9.461967E+04
-9.500000E+01	8.000000E-01	-9.500001E+01	-9.615246E+01	9.706243E+02	1.860489E-08	-9.461967E+04
-9.500000E+01	8.500000E-01	-9.500001E+01	-9.584546E+01	9.706243E+02	1.976769E-08	-9.461966E+04
-9.500000E+01	9.000000E-01	-9.500001E+01	-9.554483E+01	9.706243E+02	2.093050E-08	-9.461966E+04
-9.500000E+01	9.500000E-01	-9.500000E+01	-9.526625E+01	9.706243E+02	2.209330E-08	-9.461966E+04
-9.500000E+01	1.000000E+00	-9.500000E+01	-9.500185E+01	9.706243E+02	2.325611E-08	-9.461966E+04
-9.000000E+01	5.000000E-02	-9.000017E+01	-1.050524E+02	9.752950E+02	2.972176E-09	-8.975475E+04
-9.000000E+01	1.000000E-01	-9.000016E+01	-1.017936E+02	9.752950E+02	5.944352E-09	-8.975474E+04
-9.000000E+01	1.500000E-01	-9.000015E+01	-9.981429E+01	9.752950E+02	8.916528E-09	-8.975473E+04
-9.000000E+01	2.000000E-01	-9.000014E+01	-9.841116E+01	9.752950E+02	1.188870E-08	-8.975473E+04
-9.000000E+01	2.500000E-01	-9.000013E+01	-9.729075E+01	9.752950E+02	1.486088E-08	-8.975472E+04
-9.000000E+01	3.000000E-01	-9.000012E+01	-9.636145E+01	9.752950E+02	1.783306E-08	-8.975471E+04
-9.000000E+01	3.500000E-01	-9.000011E+01	-9.556495E+01	9.752950E+02	2.080523E-08	-8.975471E+04
-9.000000E+01	4.000000E-01	-9.000010E+01	-9.488990E+01	9.752950E+02	2.377741E-08	-8.975470E+04
-9.000000E+01	4.500000E-01	-9.000010E+01	-9.427249E+01	9.752950E+02	2.674959E-08	-8.975469E+04
-9.000000E+01	5.000000E-01	-9.000009E+01	-9.371912E+01	9.752950E+02	2.972176E-08	-8.975468E+04
-9.000000E+01	5.500000E-01	-9.000008E+01	-9.321624E+01	9.752950E+02	3.269394E-08	-8.975468E+04
-9.000000E+01	6.000000E-01	-9.000007E+01	-9.275387E+01	9.752950E+02	3.566611E-08	-8.975467E+04
-9.000000E+01	6.500000E-01	-9.000006E+01	-9.232461E+01	9.752950E+02	3.863829E-08	-8.975466E+04
-9.000000E+01	7.000000E-01	-9.000005E+01	-9.193272E+01	9.752950E+02	4.161047E-08	-8.975466E+04
-9.000000E+01	7.500000E-01	-9.000004E+01	-9.156233E+01	9.752950E+02	4.458264E-08	-8.975465E+04
-9.000000E+01	8.000000E-01	-9.000003E+01	-9.121497E+01	9.752950E+02	4.755482E-08	-8.975464E+04
-9.000000E+01	8.500000E-01	-9.000003E+01	-9.088562E+01	9.752951E+02	5.052700E-08	-8.975464E+04
-9.000000E+01	9.000000E-01	-9.000002E+01	-9.057517E+01	9.752951E+02	5.349917E-08	-8.975463E+04
-9.000000E+01	9.500000E-01	-9.000001E+01	-9.028062E+01	9.752951E+02	5.647135E-08	-8.975462E+04
-9.000000E+01	1.000000E+00	-9.000000E+01	-9.000055E+01	9.752951E+02	5.944353E-08	-8.975461E+04
-8.500000E+01	5.000000E-02	-8.500040E+01	-1.008330E+02	9.795928E+02	7.231962E-09	-8.486734E+04
-8.500000E+01	1.000000E-01	-8.500038E+01	-9.741076E+01	9.795928E+02	1.446392E-08	-8.486732E+04
-8.500000E+01	1.500000E-01	-8.500036E+01	-9.535827E+01	9.795928E+02	2.169589E-08	-8.486731E+04
-8.500000E+01	2.000000E-01	-8.500034E+01	-9.385755E+01	9.795929E+02	2.892785E-08	-8.486729E+04
-8.500000E+01	2.500000E-01	-8.500032E+01	-9.268225E+01	9.795929E+02	3.615981E-08	-8.486727E+04
-8.500000E+01	3.000000E-01	-8.500029E+01	-9.170648E+01	9.795929E+02	4.339177E-08	-8.486726E+04
-8.500000E+01	3.500000E-01	-8.500027E+01	-9.087530E+01	9.795929E+02	5.062373E-08	-8.486724E+04
-8.500000E+01	4.000000E-01	-8.500025E+01	-9.014391E+01	9.795929E+02	5.785570E-08	-8.486722E+04
-8.500000E+01	4.500000E-01	-8.500023E+01	-8.950227E+01	9.795929E+02	6.508766E-08	-8.486721E+04
-8.500000E+01	5.000000E-01	-8.500021E+01	-8.892018E+01	9.795929E+02	7.231962E-08	-8.486719E+04
-8.500000E+01	5.500000E-01	-8.500019E+01	-8.839060E+01	9.795929E+02	7.955159E-08	-8.486717E+04
-8.500000E+01	6.000000E-01	-8.500017E+01	-8.790409E+01	9.795930E+02	8.678355E-08	-8.486716E+04
-8.500000E+01	6.500000E-01	-8.500015E+01	-8.745549E+01	9.795930E+02	9.401551E-08	-8.486714E+04
-8.500000E+01	7.000000E-01	-8.500013E+01	-8.703763E+01	9.795930E+02	1.012474E-07	-8.486712E+04
-8.500000E+01	7.500000E-01	-8.500011E+01	-8.664701E+01	9.795930E+02	1.084794E-07	-8.486710E+04
-8.500000E+01	8.000000E-01	-8.500008E+01	-8.628034E+01	9.795930E+02	1.157114E-07	-8.486709E+04
-8.500000E+01	8.500000E-01	-8.500006E+01	-8.593387E+01	9.795930E+02	1.229434E-07	-8.486707E+04
-8.500000E+01	9.000000E-01	-8.500004E+01	-8.560648E+01	9.795930E+02	1.301753E-07	-8.486705E+04
-8.500000E+01	9.500000E-01	-8.500002E+01	-8.529579E+01	9.795931E+02	1.374073E-07	-8.486704E+04
-8.500000E+01	1.000000E+00	-8.500000E+01	-8.500016E+01	9.795931E+02	1.446393E-07	-8.486702E+04
-8.000000E+01	5.000000E-02	-8.000093E+01	-9.666492E+01	9.834925E+02	1.681442E-08	-7.995942E+04
-8.000000E+01	1.000000E-01	-8.000088E+01	-9.306686E+01	9.834925E+02	3.362883E-08	-7.995938E+04
-8.000000E+01	1.500000E-01	-8.000083E+01	-9.089275E+01	9.834925E+02	5.044325E-08	-7.995935E+04
-8.000000E+01	2.000000E-01	-8.000078E+01	-8.932122E+01	9.834926E+02	6.725767E-08	-7.995931E+04
-8.000000E+01	2.500000E-01	-8.000073E+01	-8.808191E+01	9.834926E+02	8.407209E-08	-7.995927E+04
-8.000000E+01	3.000000E-01	-8.000068E+01	-8.705772E+01	9.834926E+02	1.008865E-07	-7.995923E+04
-8.000000E+01	3.500000E-01	-8.000063E+01	-8.618274E+01	9.834926E+02	1.177009E-07	-7.995919E+04
-8.000000E+01	4.000000E-01	-8.000058E+01	-8.541814E+01	9.834927E+02	1.345153E-07	-7.995915E+04
-8.000000E+01	4.500000E-01	-8.000054E+01	-8.473857E+01	9.834927E+02	1.513298E-07	-7.995911E+04
-8.000000E+01	5.000000E-01	-8.000049E+01	-8.412649E+01	9.834927E+02	1.681442E-07	-7.995907E+04
-8.000000E+01	5.500000E-01	-8.000044E+01	-8.356940E+01	9.834928E+02	1.849586E-07	-7.995903E+04
-8.000000E+01	6.000000E-01	-8.000039E+01	-8.305778E+01	9.834928E+02	2.017730E-07	-7.995899E+04
-8.000000E+01	6.500000E-01	-8.000034E+01	-8.258524E+01	9.834928E+02	2.185875E-07	-7.995895E+04
-8.000000E+01	7.000000E-01	-8.000029E+01	-8.214539E+01	9.834929E+02	2.354019E-07	-7.995891E+04
-8.000000E+01	7.500000E-01	-8.000024E+01	-8.173413E+01	9.834929E+02	2.522163E-07	-7.995887E+04
-8.000000E+01	8.000000E-01	-8.000019E+01	-8.134773E+01	9.834929E+02	2.690308E-07	-7.995883E+04
-8.000000E+01	8.500000E-01	-8.000015E+01	-8.098342E+01	9.834930E+02	2.858452E-07	-7.995879E+04
-8.000000E+01	9.000000E-01	-8.000010E+01	-8.063868E+01	9.834930E+02	3.026596E-07	-7.995875E+04
-8.000000E+01	9.500000E-01	-8.000005E+01	-8.031147E+01	9.834930E+02	3.194740E-07	-7.995871E+04
-8.000000E+01	1.000000E+00	-8.000000E+01	-8.000005E+01	9.834931E+02	3.362885E-07	-7.995867E+04
-7.500000E+01	5.000000E-02	-7.500206E+01	-9.248968E+01	9.869893E+02	3.748165E-08	-7.503299E+04
-7.500000E+01	1.000000E-01	-7.500195E+01	-8.872015E+01	9.869893E+02	7.496330E-08	-7.503290E+04
-7.500000E+01	1.500000E-01	-7.500184E+01	-8.644286E+01	9.869894E+02	1.124449E-07	-7.503281E+04
-7.500000E+01	2.000000E-01	-7.500173E+01	-8.479228E+01	9.869895E+02	1.499266E-07	-7.503273E+04
-7.500000E+01	2.500000E-01	-7.500162E+01	-8.349229E+01	9.869896E+02	1.874083E-07	-7.503264E+04
-7.500000E+01	3.000000E-01	-7.500152E+01	-8.241674E+01	9.869896E+02	2.248900E-07	-7.503255E+04
-7.500000E+01	3.500000E-01	-7.500141E+01	-8.149796E+01	9.869897E+02	2.623716E-07	-7.503246E+04
-7.500000E+01	4.000000E-01	-7.500130E+01	-8.069499E+01	9.869898E+02	2.998533E-07	-7.503237E+04
-7.500000E+01	4.500000E-01	-7.500119E+01	-7.998162E+01	9.869898E+02	3.373350E-07	-7.503228E+04
-7.500000E+01	5.000000E-01	-7.500108E+01	-7.933809E+01	9.869899E+02	3.748167E-07	-7.503219E+04
-7.500000E+01	5.500000E-01	-7.500097E+01	-7.875275E+01	9.869900E+02	4.122984E-07	-7.503211E+04
-7.500000E+01	6.000000E-01	-7.500087E+01	-7.821535E+01	9.869900E+02	4.497801E-07	-7.503202E+04
-7.500000E+01	6.500000E-01	-7.500076E+01	-7.771836E+01	9.869901E+02	4.872618E-07	-7.503193E+04
-7.500000E+01	7.000000E-01	-7.500065E+01	-7.725599E+01	9.869902E+02	5.247435E-07	-7.503184E+04
-7.500000E+01	7.500000E-01	-7.500054E+01	-7.682360E+01	9.869903E+02	5.622252E-07	-7.503175E+04
-7.500000E+01	8.000000E-01	-7.500043E+01	-7.641737E+01	9.869903E+02	5.997069E-07	-7.503166E+04
-7.500000E+01	8.500000E-01	-7.500032E+01	-7.603428E+01	9.869904E+02	6.371887E-07	-7.503157E+04
-7.500000E+01	9.000000E-01	-7.500022E+01	-7.567174E+01	9.869905E+02	6.746704E-07	-7.503149E+04
-7.500000E+01	9.500000E-01	-7.500011E+01	-7.532760E+01	9.869905E+02	7.121521E-07	-7.503140E+04
-7.500000E+01	1.000000E+00	-7.500000E+01	-7.500002E+01	9.869906E+02	7.496339E-07	-7.503131E+04
-7.000000E+01	5.000000E-02	-7.000439E+01	-8.833503E+01	9.900927E+02	8.035099E-08	-7.009001E+04
-7.000000E+01	1.000000E-01	-7.000416E+01	-8.438994E+01	9.900929E+02	1.607020E-07	-7.008982E+04
-7.000000E+01	1.500000E-01	-7.000393E+01	-8.200412E+01	9.900930E+02	2.410530E-07	-7.008963E+04
-7.000000E+01	2.000000E-01	-7.000370E+01	-8.027493E+01	9.900932E+02	3.214041E-07	-7.008944E+04
-7.000000E+01	2.500000E-01	-7.000347E+01	-7.891219E+01	9.900933E+02	4.017552E-07	-7.008925E+04
-7.000000E+01	3.000000E-01	-7.000324E+01	-7.778455E+01	9.900935E+02	4.821063E-07	-7.008906E+04
-7.000000E+01	3.500000E-01	-7.000300E+01	-7.682099E+01	9.900936E+02	5.624574E-07	-7.008887E+04
-7.000000E+01	4.000000E-01	-7.000277E+01	-7.597870E+01	9.900938E+02	6.428085E-07	-7.008868E+04
-7.000000E+01	4.500000E-01	-7.000254E+01	-7.522975E+01	9.900939E+02	7.231597E-07	-7.008849E+04
-7.000000E+01	5.000000E-01	-7.000231E+01	-7.455502E+01	9.900941E+02	8.035109E-07	-7.008830E+04
-7.000000E+01	5.500000E-01	-7.000208E+01	-7.394071E+01	9.900942E+02	8.838620E-07	-7.008811E+04
-7.000000E+01	6.000000E-01	-7.000185E+01	-7.337661E+01	9.900944E+02	9.642133E-07	-7.008792E+04
-7.000000E+01	6.500000E-01	-7.000162E+01	-7.285488E+01	9.900945E+02	1.044564E-06	-7.008772E+04
-7.000000E+01	7.000000E-01	-7.000139E+01	-7.236943E+01	9.900947E+02	1.124915E-06	-7.008753E+04
-7.000000E+01	7.500000E-01	-7.000116E+01	-7.191539E+01	9.900948E+02	1.205267E-06	-7.008734E+04
-7.000000E+01	8.000000E-01	-7.000092E+01	-7.148881E+01	9.900949E+02	1.285618E-06	-7.008715E+04
-7.000000E+01	8.500000E-01	-7.000069E+01	-7.108646E+01	9.900951E+02	1.365969E-06	-7.008696E+04
-7.000000E+01	9.000000E-01	-7.000046E+01	-7.070567E+01	9.900952E+02	1.446321E-06	-7.008677E+04
-7.000000E+01	9.500000E-01	-7.000023E+01	-7.034415E+01	9.900954E+02	1.526672E-06	-7.008658E+04
-7.000000E+01	1.000000E+00	-7.000000E+01	-7.000001E+01	9.900955E+02	1.607024E-06	-7.008639E+04
-6.500000E+01	5.000000E-02	-6.500904E+01	-8.419736E+01	9.928214E+02	1.661108E-07	-6.513236E+04
-6.500000E+01	1.000000E-01	-6.500857E+01	-8.007396E+01	9.928217E+02	3.322217E-07	-6.513196E+04
-6.500000E+01	1.500000E-01	-6.500809E+01	-7.757836E+01	9.928220E+02	4.983327E-07	-6.513157E+04
-6.500000E+01	2.000000E-01	-6.500762E+01	-7.576875E+01	9.928223E+02	6.644438E-07	-6.513117E+04
-6.500000E+01	2.500000E-01	-6.500714E+01	-7.434205E+01	9.928226E+02	8.305550E-07	-6.513078E+04
-6.500000E+01	3.000000E-01	-6.500666E+01	-7.316117E+01	9.928229E+02	9.966662E-07	-6.513038E+04
-6.500000E+01	3.500000E-01	-6.500619E+01	-7.215183E+01	9.928233E+02	1.162777E-06	-6.512999E+04
-6.500000E+01	4.000000E-01	-6.500571E+01	-7.126931E+01	9.928236E+02	1.328889E-06	-6.512959E+04
-6.500000E+01	4.500000E-01	-6.500524E+01	-7.048448E+01	9.928239E+02	1.495000E-06	-6.512920E+04
-6.500000E+01	5.000000E-01	-6.500476E+01	-6.977728E+01	9.928242E+02	1.661112E-06	-6.512880E+04
-6.500000E+01	5.500000E-01	-6.500428E+01	-6.913331E+01	9.928245E+02	1.827224E-06	-6.512840E+04
-6.500000E+01	6.000000E-01	-6.500381E+01	-6.854189E+01	9.928248E+02	1.993336E-06	-6.512801E+04
-6.500000E+01	6.500000E-01	-6.500333E+01	-6.799481E+01	9.928251E+02	2.159448E-06	-6.512761E+04
-6.500000E+01	7.000000E-01	-6.500286E+01	-6.748571E+01	9.928254E+02	2.325559E-06	-6.512722E+04
-6.500000E+01	7.500000E-01	-6.500238E+01	-6.700950E+01	9.928257E+02	2.491672E-06	-6.512682E+04
-6.500000E+01	8.000000E-01	-6.500190E+01	-6.656204E+01	9.928260E+02	2.657784E-06	-6.512643E+04
-6.500000E+01	8.500000E-01	-6.500143E+01	-6.613996E+01	9.928263E+02	2.823896E-06	-6.512603E+04
-6.500000E+01	9.000000E-01	-6.500095E+01	-6.574045E+01	9.928266E+02	2.990008E-06	-6.512564E+04
-6.500000E+01	9.500000E-01	-6.500048E+01	-6.536113E+01	9.928269E+02	3.156121E-06	-6.512524E+04
-6.500000E+01	1.000000E+00	-6.500000E+01	-6.500000E+01	9.928273E+02	3.322233E-06	-6.512485E+04
-6.000000E+01	5.000000E-02	-6.001800E+01	-8.007816E+01	9.951997E+02	3.319908E-07	-6.016176E+04
-6.000000E+01	1.000000E-01	-6.001705E+01	-7.577315E+01	9.952003E+02	6.639820E-07	-6.016097E+04
-6.000000E+01	1.500000E-01	-6.001611E+01	-7.316570E+01	9.952009E+02	9.959736E-07	-6.016017E+04
-6.000000E+01	2.000000E-01	-6.001516E+01	-7.127392E+01	9.952015E+02	1.327965E-06	-6.015938E+04
-6.000000E+01	2.500000E-01	-6.001421E+01	-6.978196E+01	9.952022E+02	1.659958E-06	-6.015858E+04
-6.000000E+01	3.000000E-01	-6.001326E+01	-6.854662E+01	9.952028E+02	1.991950E-06	-6.015779E+04
-6.000000E+01	3.500000E-01	-6.001232E+01	-6.749050E+01	9.952034E+02	2.323943E-06	-6.015700E+04
-6.000000E+01	4.000000E-01	-6.001137E+01	-6.656687E+01	9.952040E+02	2.655937E-06	-6.015620E+04
-6.000000E+01	4.500000E-01	-6.001042E+01	-6.574532E+01	9.952046E+02	2.987930E-06	-6.015541E+04
-6.000000E+01	5.000000E-01	-6.000947E+01	-6.500481E+01	9.952052E+02	3.319924E-06	-6.015462E+04
-6.000000E+01	5.500000E-01	-6.000853E+01	-6.433059E+01	9.952058E+02	3.651919E-06	-6.015382E+04
-6.000000E+01	6.000000E-01	-6.000758E+01	-6.371119E+01	9.952065E+02	3.983913E-06	-6.015303E+04
-6.000000E+01	6.500000E-01	-6.000663E+01	-6.313817E+01	9.952071E+02	4.315908E-06	-6.015224E+04
-6.000000E+01	7.000000E-01	-6.000568E+01	-6.260485E+01	9.952077E+02	4.647904E-06	-6.015144E+04
-6.000000E+01	7.500000E-01	-6.000474E+01	-6.210593E+01	9.952083E+02	4.979900E-06	-6.015065E+04
-6.000000E+01	8.000000E-01	-6.000379E+01	-6.163709E+01	9.952089E+02	5.311896E-06	-6.014986E+04
-6.000000E+01	8.500000E-01	-6.000284E+01	-6.119479E+01	9.952095E+02	5.643892E-06	-6.014906E+04
-6.000000E+01	9.000000E-01	-6.000189E+01	-6.077610E+01	9.952101E+02	5.975889E-06	-6.014827E+04
-6.000000E+01	9.500000E-01	-6.000095E+01	-6.037854E+01	9.952108E+02	6.307886E-06	-6.014748E+04
-6.000000E+01	1.000000E+00	-6.000000E+01	-6.000000E+01	9.952114E+02	6.639884E-06	-6.014668E+04
-5.500000E+01	5.000000E-02	-5.503470E+01	-7.597742E+01	9.972552E+02	6.429315E-07	-5.517974E+04
-5.500000E+01	1.000000E-01	-5.503288E+01	-7.148754E+01	9.972564E+02	1.285864E-06	-5.517820E+04
-5.500000E+01	1.500000E-01	-5.503105E+01	-6.876599E+01	9.972576E+02	1.928798E-06	-5.517665E+04
-5.500000E+01	2.000000E-01	-5.502922E+01	-6.679046E+01	9.972587E+02	2.571734E-06	-5.517511E+04
-5.500000E+01	2.500000E-01	-5.502740E+01	-6.523186E+01	9.972599E+02	3.214671E-06	-5.517357E+04
-5.500000E+01	3.000000E-01	-5.502557E+01	-6.394095E+01	9.972611E+02	3.857609E-06	-5.517203E+04
-5.500000E+01	3.500000E-01	-5.502374E+01	-6.283703E+01	9.972623E+02	4.500548E-06	-5.517048E+04
-5.500000E+01	4.000000E-01	-5.502192E+01	-6.187139E+01	9.972635E+02	5.143489E-06	-5.516894E+04
-5.500000E+01	4.500000E-01	-5.502009E+01	-6.101229E+01	9.972647E+02	5.786431E-06	-5.516740E+04
-5.500000E+01	5.000000E-01	-5.501826E+01	-6.023791E+01	9.972659E+02	6.429374E-06	-5.516586E+04
-5.500000E+01	5.500000E-01	-5.501644E+01	-5.953255E+01	9.972671E+02	7.072319E-06	-5.516431E+04
-5.500000E+01	6.000000E-01	-5.501461E+01	-5.888453E+01	9.972683E+02	7.715265E-06	-5.516277E+04
-5.500000E+01	6.500000E-01	-5.501278E+01	-5.828496E+01	9.972695E+02	8.358213E-06	-5.516123E+04
-5.500000E+01	7.000000E-01	-5.501096E+01	-5.772687E+01	9.972706E+02	9.001161E-06	-5.515969E+04
-5.500000E+01	7.500000E-01	-5.500913E+01	-5.720470E+01	9.972718E+02	9.644111E-06	-5.515814E+04
-5.500000E+01	8.000000E-01	-5.500731E+01	-5.671396E+01	9.972730E+02	1.028706E-05	-5.515660E+04
-5.500000E+01	8.500000E-01	-5.500548E+01	-5.625096E+01	9.972742E+02	1.093001E-05	-5.515506E+04
-5.500000E+01	9.000000E-01	-5.500365E+01	-5.581262E+01	9.972754E+02	1.157296E-05	-5.515352E+04
-5.500000E+01	9.500000E-01	-5.500183E+01	-5.539637E+01	9.972766E+02	1.221592E-05	-5.515197E+04
-5.500000E+01	1.000000E+00	-5.500000E+01	-5.500000E+01	9.972778E+02	1.285888E-05	-5.515043E+04
-5.000000E+01	5.000000E-02	-5.006487E+01	-7.189515E+01	9.990169E+02	1.208968E-06	-5.018757E+04
-5.000000E+01	1.000000E-01	-5.006146E+01	-6.721709E+01	9.990192E+02	2.417942E-06	-5.018466E+04
-5.000000E+01	1.500000E-01	-5.005805E+01	-6.437933E+01	9.990214E+02	3.626920E-06	-5.018175E+04
-5.000000E+01	2.000000E-01	-5.005463E+01	-6.231840E+01	9.990236E+02	4.835903E-06	-5.017884E+04
-5.000000E+01	2.500000E-01	-5.005122E+01	-6.069181E+01	9.990259E+02	6.044890E-06	-5.017592E+04
-5.000000E+01	3.000000E-01	-5.004780E+01	-5.934417E+01	9.990281E+02	7.253882E-06	-5.017301E+04
-5.000000E+01	3.500000E-01	-5.004439E+01	-5.819144E+01	9.990303E+02	8.462879E-06	-5.017010E+04
-5.000000E+01	4.000000E-01	-5.004097E+01	-5.718288E+01	9.990326E+02	9.671881E-06	-5.016719E+04
-5.000000E+01	4.500000E-01	-5.003756E+01	-5.628543E+01	9.990348E+02	1.088088E-05	-5.016428E+04
-5.000000E+01	5.000000E-01	-5.003414E+01	-5.547632E+01	9.990371E+02	1.208989E-05	-5.016137E+04
-5.000000E+01	5.500000E-01	-5.003073E+01	-5.473922E+01	9.990393E+02	1.329891E-05	-5.015845E+04
-5.000000E+01	6.000000E-01	-5.002731E+01	-5.406194E+01	9.990415E+02	1.450793E-05	-5.015554E+04
-5.000000E+01	6.500000E-01	-5.002390E+01	-5.343521E+01	9.990438E+02	1.571696E-05	-5.015263E+04
-5.000000E+01	7.000000E-01	-5.002049E+01	-5.285176E+01	9.990460E+02	1.692599E-05	-5.014972E+04
-5.000000E+01	7.500000E-01	-5.001707E+01	-5.230581E+01	9.990483E+02	1.813502E-05	-5.014681E+04
-5.000000E+01	8.000000E-01	-5.001366E+01	-5.179266E+01	9.990505E+02	1.934406E-05	-5.014389E+04
-5.000000E+01	8.500000E-01	-5.001024E+01	-5.130846E+01	9.990527E+02	2.055311E-05	-5.014098E+04
-5.000000E+01	9.000000E-01	-5.000683E+01	-5.085002E+01	9.990550E+02	2.176215E-05	-5.013807E+04
-5.000000E+01	9.500000E-01	-5.000341E+01	-5.041463E+01	9.990572E+02	2.297121E-05	-5.013516E+04
-5.000000E+01	1.000000E+00	-5.000000E+01	-5.000000E+01	9.990595E+02	2.418027E-05	-5.013225E+04
-4.500000E+01	5.000000E-02	-4.511772E+01	-6.783124E+01	1.000514E+03	2.211569E-06	-4.518621E+04
-4.500000E+01	1.000000E-01	-4.511153E+01	-6.296183E+01	1.000518E+03	4.423155E-06	-4.518086E+04
-4.500000E+01	1.500000E-01	-4.510533E+01	-6.000571E+01	1.000522E+03	6.634756E-06	-4.517552E+04
-4.500000E+01	2.000000E-01	-4.509913E+01	-5.785775E+01	1.000526E+03	8.846372E-06	-4.517017E+04
-4.500000E+01	2.500000E-01	-4.509294E+01	-5.616182E+01	1.000530E+03	1.105800E-05	-4.516482E+04
-4.500000E+01	3.000000E-01	-4.508674E+01	-5.475631E+01	1.000534E+03	1.326965E-05	-4.515948E+04
-4.500000E+01	3.500000E-01	-4.508054E+01	-5.355376E+01	1.000538E+03	1.548132E-05	-4.515413E+04
-4.500000E+01	4.000000E-01	-4.507435E+01	-5.250138E+01	1.000543E+03	1.769300E-05	-4.514878E+04
-4.500000E+01	4.500000E-01	-4.506815E+01	-5.156474E+01	1.000547E+03	1.990469E-05	-4.514343E+04
-4.500000E+01	5.000000E-01	-4.506196E+01	-5.072017E+01	1.000551E+03	2.211640E-05	-4.513809E+04
-4.500000E+01	5.500000E-01	-4.505576E+01	-4.995062E+01	1.000555E+03	2.432813E-05	-4.513274E+04
-4.500000E+01	6.000000E-01	-4.504956E+01	-4.924343E+01	1.000559E+03	2.653987E-05	-4.512739E+04
-4.500000E+01	6.500000E-01	-4.504337E+01	-4.858894E+01	1.000563E+03	2.875163E-05	-4.512205E+04
-4.500000E+01	7.000000E-01	-4.503717E+01	-4.797956E+01	1.000567E+03	3.096340E-05	-4.511670E+04
-4.500000E+01	7.500000E-01	-4.503098E+01	-4.740927E+01	1.000571E+03	3.317519E-05	-4.511135E+04
-4.500000E+01	8.000000E-01	-4.502478E+01	-4.687320E+01	1.000575E+03	3.538700E-05	-4.510600E+04
-4.500000E+01	8.500000E-01	-4.501859E+01	-4.636732E+01	1.000579E+03	3.759882E-05	-4.510066E+04
-4.500000E+01	9.000000E-01	-4.501239E+01	-4.588829E+01	1.000584E+03	3.981066E-05	-4.509531E+04
-4.500000E+01	9.500000E-01	-4.500620E+01	-4.543332E+01	1.000588E+03	4.202251E-05	-4.508996E+04
-4.500000E+01	1.000000E+00	-4.500000E+01	-4.500000E+01	1.000592E+03	4.423438E-05	-4.508461E+04
-4.000000E+01	5.000000E-02	-4.020743E+01	-6.378571E+01	1.001776E+03	3.942531E-06	-4.017619E+04
-4.000000E+01	1.000000E-01	-4.019651E+01	-5.872175E+01	1.001783E+03	7.885111E-06	-4.016662E+04
-4.000000E+01	1.500000E-01	-4.018559E+01	-5.564517E+01	1.001791E+03	1.182774E-05	-4.015705E+04
-4.000000E+01	2.000000E-01	-4.017467E+01	-5.340854E+01	1.001798E+03	1.577042E-05	-4.014749E+04
-4.000000E+01	2.500000E-01	-4.016375E+01	-5.164193E+01	1.001805E+03	1.971315E-05	-4.013792E+04
-4.000000E+01	3.000000E-01	-4.015283E+01	-5.017739E+01	1.001813E+03	2.365593E-05	-4.012835E+04
-4.000000E+01	3.500000E-01	-4.014191E+01	-4.892402E+01	1.001820E+03	2.759876E-05	-4.011878E+04
-4.000000E+01	4.000000E-01	-4.013099E+01	-4.782691E+01	1.001827E+03	3.154165E-05	-4.010921E+04
-4.000000E+01	4.500000E-01	-4.012007E+01	-4.685027E+01	1.001834E+03	3.548458E-05	-4.009964E+04
-4.000000E+01	5.000000E-01	-4.010916E+01	-4.596947E+01	1.001842E+03	3.942756E-05	-4.009007E+04
-4.000000E+01	5.500000E-01	-4.009824E+01	-4.516678E+01	1.001849E+03	4.337059E-05	-4.008050E+04
-4.000000E+01	6.000000E-01	-4.008732E+01	-4.442903E+01	1.001856E+03	4.731367E-05	-4.007093E+04
-4.000000E+01	6.500000E-01	-4.007641E+01	-4.374615E+01	1.001864E+03	5.125680E-05	-4.006136E+04
-4.000000E+01	7.000000E-01	-4.006549E+01	-4.311027E+01	1.001871E+03	5.519998E-05	-4.005179E+04
-4.000000E+01	7.500000E-01	-4.005457E+01	-4.251512E+01	1.001878E+03	5.914321E-05	-4.004222E+04
-4.000000E+01	8.000000E-01	-4.004366E+01	-4.195560E+01	1.001886E+03	6.308649E-05	-4.003265E+04
-4.000000E+01	8.500000E-01	-4.003274E+01	-4.142754E+01	1.001893E+03	6.702982E-05	-4.002308E+04
-4.000000E+01	9.000000E-01	-4.002183E+01	-4.092746E+01	1.001900E+03	7.097320E-05	-4.001351E+04
-4.000000E+01	9.500000E-01	-4.001091E+01	-4.045244E+01	1.001907E+03	7.491663E-05	-4.000394E+04
-4.000000E+01	1.000000E+00	-4.000000E+01	-4.000000E+01	1.001915E+03	7.886011E-05	-3.999437E+04
-3.500000E+01	5.000000E-02	-3.535478E+01	-5.975853E+01	1.002831E+03	6.860092E-06	-3.515749E+04
-3.500000E+01	1.000000E-01	-3.533609E+01	-5.449687E+01	1.002844E+03	1.372033E-05	-3.514078E+04
-3.500000E+01	1.500000E-01	-3.531741E+01	-5.129771E+01	1.002856E+03	2.058073E-05	-3.512406E+04
-3.500000E+01	2.000000E-01	-3.529873E+01	-4.897080E+01	1.002869E+03	2.744128E-05	-3.510735E+04
-3.500000E+01	2.500000E-01	-3.528004E+01	-4.713217E+01	1.002882E+03	3.430197E-05	-3.509064E+04
-3.500000E+01	3.000000E-01	-3.526136E+01	-4.560746E+01	1.002894E+03	4.116282E-05	-3.507392E+04
-3.500000E+01	3.500000E-01	-3.524268E+01	-4.430225E+01	1.002907E+03	4.802382E-05	-3.505721E+04
-3.500000E+01	4.000000E-01	-3.522401E+01	-4.315950E+01	1.002920E+03	5.488497E-05	-3.504049E+04
-3.500000E+01	4.500000E-01	-3.520533E+01	-4.214204E+01	1.002933E+03	6.174628E-05	-3.502378E+04
-3.500000E+01	5.000000E-01	-3.518666E+01	-4.122425E+01	1.002945E+03	6.860773E-05	-3.500706E+04
-3.500000E+01	5.500000E-01	-3.516798E+01	-4.038772E+01	1.002958E+03	7.546934E-05	-3.499034E+04
-3.500000E+01	6.000000E-01	-3.514931E+01	-3.961875E+01	1.002971E+03	8.233109E-05	-3.497363E+04
-3.500000E+01	6.500000E-01	-3.513064E+01	-3.890688E+01	1.002983E+03	8.919300E-05	-3.495691E+04
-3.500000E+01	7.000000E-01	-3.511198E+01	-3.824392E+01	1.002996E+03	9.605506E-05	-3.494019E+04
-3.500000E+01	7.500000E-01	-3.509331E+01	-3.762334E+01	1.003009E+03	1.029172E-04	-3.492348E+04
-3.500000E+01	8.000000E-01	-3.507464E+01	-3.703986E+01	1.003021E+03	1.097796E-04	-3.490676E+04
-3.500000E+01	8.500000E-01	-3.505598E+01	-3.648912E+01	1.003034E+03	1.166421E-04	-3.489004E+04
-3.500000E+01	9.000000E-01	-3.503732E+01	-3.596752E+01	1.003047E+03	1.235048E-04	-3.487332E+04
-3.500000E+01	9.500000E-01	-3.501866E+01	-3.547201E+01	1.003060E+03	1.303676E-04	-3.485660E+04
-3.500000E+01	1.000000E+00	-3.500000E+01	-3.500000E+01	1.003072E+03	1.372306E-04	-3.483988E+04
-3.000000E+01	5.000000E-02	-3.058843E+01	-5.574969E+01	1.003706E+03	1.166811E-05	-3.012933E+04
-3.000000E+01	1.000000E-01	-3.055740E+01	-5.028720E+01	1.003727E+03	2.333667E-05	-3.010080E+04
-3.000000E+01	1.500000E-01	-3.052638E+01	-4.696337E+01	1.003749E+03	3.500566E-05	-3.007226E+04
-3.000000E+01	2.000000E-01	-3.049537E+01	-4.454455E+01	1.003770E+03	4.667508E-05	-3.004372E+04
-3.000000E+01	2.500000E-01	-3.046436E+01	-4.263257E+01	1.003792E+03	5.834495E-05	-3.001519E+04
-3.000000E+01	3.000000E-01	-3.043336E+01	-4.104653E+01	1.003814E+03	7.001525E-05	-2.998665E+04
-3.000000E+01	3.500000E-01	-3.040237E+01	-3.968847E+01	1.003835E+03	8.168599E-05	-2.995811E+04
-3.000000E+01	4.000000E-01	-3.037138E+01	-3.849918E+01	1.003857E+03	9.335717E-05	-2.992957E+04
-3.000000E+01	4.500000E-01	-3.034040E+01	-3.744007E+01	1.003878E+03	1.050287E-04	-2.990102E+04
-3.000000E+01	5.000000E-01	-3.030942E+01	-3.648454E+01	1.003900E+03	1.167008E-04	-2.987248E+04
-3.000000E+01	5.500000E-01	-3.027845E+01	-3.561347E+01	1.003922E+03	1.283733E-04	-2.984394E+04
-3.000000E+01	6.000000E-01	-3.024749E+01	-3.481263E+01	1.003943E+03	1.400463E-04	-2.981539E+04
-3.000000E+01	6.500000E-01	-3.021653E+01	-3.407115E+01	1.003965E+03	1.517196E-04	-2.978685E+04
-3.000000E+01	7.000000E-01	-3.018558E+01	-3.338052E+01	1.003986E+03	1.633934E-04	-2.975830E+04
-3.000000E+01	7.500000E-01	-3.015463E+01	-3.273397E+01	1.004008E+03	1.750677E-04	-2.972975E+04
-3.000000E+01	8.000000E-01	-3.012369E+01	-3.212599E+01	1.004030E+03	1.867424E-04	-2.970120E+04
-3.000000E+01	8.500000E-01	-3.009276E+01	-3.155208E+01	1.004051E+03	1.984175E-04	-2.967265E+04
-3.000000E+01	9.000000E-01	-3.006183E+01	-3.100847E+01	1.004073E+03	2.100931E-04	-2.964410E+04
-3.000000E+01	9.500000E-01	-3.003091E+01	-3.049201E+01	1.004094E+03	2.217691E-04	-2.961554E+04
-3.000000E+01	1.000000E+00	-3.000000E+01	-3.000000E+01	1.004116E+03	2.334455E-04	-2.958699E+04
-2.500000E+01	5.000000E-02	-2.594488E+01	-5.175917E+01	1.004426E+03	1.942551E-05	-2.508993E+04
-2.500000E+01	1.000000E-01	-2.589495E+01	-4.609275E+01	1.004462E+03	3.885224E-05	-2.504224E+04
-2.500000E+01	1.500000E-01	-2.584504E+01	-4.264216E+01	1.004498E+03	5.828018E-05	-2.499455E+04
-2.500000E+01	2.000000E-01	-2.579515E+01	-4.012983E+01	1.004534E+03	7.770934E-05	-2.494686E+04
-2.500000E+01	2.500000E-01	-2.574529E+01	-3.814316E+01	1.004570E+03	9.713971E-05	-2.489916E+04
-2.500000E+01	3.000000E-01	-2.569544E+01	-3.649465E+01	1.004606E+03	1.165712E-04	-2.485147E+04
-2.500000E+01	3.500000E-01	-2.564562E+01	-3.508273E+01	1.004642E+03	1.360041E-04	-2.480376E+04
-2.500000E+01	4.000000E-01	-2.559582E+01	-3.384599E+01	1.004678E+03	1.554381E-04	-2.475606E+04
-2.500000E+01	4.500000E-01	-2.554605E+01	-3.274440E+01	1.004714E+03	1.748733E-04	-2.470835E+04
-2.500000E+01	5.000000E-01	-2.549629E+01	-3.175037E+01	1.004750E+03	1.943098E-04	-2.466064E+04
-2.500000E+01	5.500000E-01	-2.544656E+01	-3.084405E+01	1.004786E+03	2.137474E-04	-2.461293E+04
-2.500000E+01	6.000000E-01	-2.539685E+01	-3.001067E+01	1.004822E+03	2.331863E-04	-2.456521E+04
-2.500000E+01	6.500000E-01	-2.534717E+01	-2.923896E+01	1.004857E+03	2.526264E-04	-2.451749E+04
-2.500000E+01	7.000000E-01	-2.529750E+01	-2.852009E+01	1.004893E+03	2.720677E-04	-2.446977E+04
-2.500000E+01	7.500000E-01	-2.524786E+01	-2.784701E+01	1.004929E+03	2.915102E-04	-2.442204E+04
-2.500000E+01	8.000000E-01	-2.519824E+01	-2.721402E+01	1.004965E+03	3.109539E-04	-2.437432E+04
-2.500000E+01	8.500000E-01	-2.514865E+01	-2.661643E+01	1.005001E+03	3.303989E-04	-2.432659E+04
-2.500000E+01	9.000000E-01	-2.509908E+01	-2.605034E+01	1.005037E+03	3.498450E-04	-2.427885E+04
-2.500000E+01	9.500000E-01	-2.504953E+01	-2.551246E+01	1.005073E+03	3.692924E-04	-2.423111E+04
-2.500000E+01	1.000000E+00	-2.500000E+01	-2.500000E+01	1.005109E+03	3.887410E-04	-2.418337E+04
-2.000000E+01	5.000000E-02	-2.146620E+01	-4.778696E+01	1.005017E+03	3.169463E-05	-2.003609E+04
-2.000000E+01	1.000000E-01	-2.138837E+01	-4.191354E+01	1.005076E+03	6.339248E-05	-1.995798E+04
-2.000000E+01	1.500000E-01	-2.131061E+01	-3.833412E+01	1.005135E+03	9.509357E-05	-1.987988E+04
-2.000000E+01	2.000000E-01	-2.123292E+01	-3.572666E+01	1.005193E+03	1.267979E-04	-1.980176E+04
-2.000000E+01	2.500000E-01	-2.115530E+01	-3.366397E+01	1.005252E+03	1.585054E-04	-1.972363E+04
-2.000000E+01	3.000000E-01	-2.107776E+01	-3.195185E+01	1.005310E+03	1.902162E-04	-1.964550E+04
-2.000000E+01	3.500000E-01	-2.100029E+01	-3.048506E+01	1.005369E+03	2.219302E-04	-1.956736E+04
-2.000000E+01	4.000000E-01	-2.092290E+01	-2.919996E+01	1.005428E+03	2.536475E-04	-1.948921E+04
-2.000000E+01	4.500000E-01	-2.084558E+01	-2.805506E+01	1.005486E+03	2.853680E-04	-1.941105E+04
-2.000000E+01	5.000000E-01	-2.076833E+01	-2.702176E+01	1.005545E+03	3.170917E-04	-1.933289E+04
-2.000000E+01	5.500000E-01	-2.069116E+01	-2.607948E+01	1.005603E+03	3.488186E-04	-1.925471E+04
-2.000000E+01	6.000000E-01	-2.061406E+01	-2.521292E+01	1.005662E+03	3.805488E-04	-1.917653E+04
-2.000000E+01	6.500000E-01	-2.053704E+01	-2.441036E+01	1.005721E+03	4.122822E-04	-1.909834E+04
-2.000000E+01	7.000000E-01	-2.046009E+01	-2.366265E+01	1.005779E+03	4.440189E-04	-1.902015E+04
-2.000000E+01	7.500000E-01	-2.038322E+01	-2.296248E+01	1.005838E+03	4.757588E-04	-1.894194E+04
-2.000000E+01	8.000000E-01	-2.030642E+01	-2.230395E+01	1.005897E+03	5.075019E-04	-1.886373E+04
-2.000000E+01	8.500000E-01	-2.022970E+01	-2.168217E+01	1.005955E+03	5.392483E-04	-1.878551E+04
-2.000000E+01	9.000000E-01	-2.015306E+01	-2.109311E+01	1.006014E+03	5.709979E-04	-1.870728E+04
-2.000000E+01	9.500000E-01	-2.007649E+01	-2.053335E+01	1.006073E+03	6.027508E-04	-1.862904E+04
-2.000000E+01	1.000000E+00	-2.000000E+01	-2.000000E+01	1.006131E+03	6.345068E-04	-1.855080E+04
-1.500000E+01	5.000000E-02	-1.719494E+01	-4.383304E+01	1.005504E+03	5.073870E-05	-1.496272E+04
-1.500000E+01	1.000000E-01	-1.707742E+01	-3.774958E+01	1.005597E+03	1.014856E-04	-1.483721E+04
-1.500000E+01	1.500000E-01	-1.696013E+01	-3.403928E+01	1.005691E+03	1.522409E-04	-1.471168E+04
-1.500000E+01	2.000000E-01	-1.684305E+01	-3.133508E+01	1.005785E+03	2.030045E-04	-1.458614E+04
-1.500000E+01	2.500000E-01	-1.672619E+01	-2.919505E+01	1.005879E+03	2.537763E-04	-1.446057E+04
-1.500000E+01	3.000000E-01	-1.660955E+01	-2.741816E+01	1.005972E+03	3.045564E-04	-1.433498E+04
-1.500000E+01	3.500000E-01	-1.649313E+01	-2.589549E+01	1.006066E+03	3.553449E-04	-1.420937E+04
-1.500000E+01	4.000000E-01	-1.637693E+01	-2.456112E+01	1.006160E+03	4.061415E-04	-1.408375E+04
-1.500000E+01	4.500000E-01	-1.626095E+01	-2.337208E+01	1.006254E+03	4.569465E-04	-1.395810E+04
-1.500000E+01	5.000000E-01	-1.614520E+01	-2.229875E+01	1.006348E+03	5.077598E-04	-1.383243E+04
-1.500000E+01	5.500000E-01	-1.602967E+01	-2.131981E+01	1.006441E+03	5.585814E-04	-1.370674E+04
-1.500000E+01	6.000000E-01	-1.591435E+01	-2.041938E+01	1.006535E+03	6.094113E-04	-1.358103E+04
-1.500000E+01	6.500000E-01	-1.579927E+01	-1.958535E+01	1.006629E+03	6.602495E-04	-1.345529E+04
-1.500000E+01	7.000000E-01	-1.568441E+01	-1.880821E+01	1.006723E+03	7.110960E-04	-1.332954E+04
-1.500000E+01	7.500000E-01	-1.556977E+01	-1.808040E+01	1.006817E+03	7.619507E-04	-1.320377E+04
-1.500000E+01	8.000000E-01	-1.545536E+01	-1.739579E+01	1.006911E+03	8.128138E-04	-1.307798E+04
-1.500000E+01	8.500000E-01	-1.534118E+01	-1.674932E+01	1.007005E+03	8.636853E-04	-1.295216E+04
-1.500000E+01	9.000000E-01	-1.522722E+01	-1.613680E+01	1.007099E+03	9.145650E-04	-1.282633E+04
-1.500000E+01	9.500000E-01	-1.511350E+01	-1.555469E+01	1.007193E+03	9.654530E-04	-1.270047E+04
-1.500000E+01	1.000000E+00	-1.500000E+01	-1.500000E+01	1.007286E+03	1.016349E-03	-1.257460E+04
-1.000000E+01	5.000000E-02	-1.316709E+01	-3.989742E+01	1.005910E+03	7.978046E-05	-9.862185E+03
-1.000000E+01	1.000000E-01	-1.299506E+01	-3.360089E+01	1.006057E+03	1.595814E-04	-9.664088E+03
-1.000000E+01	1.500000E-01	-1.282362E+01	-2.975765E+01	1.006204E+03	2.394028E-04	-9.465940E+03
-1.000000E+01	2.000000E-01	-1.265277E+01	-2.695513E+01	1.006351E+03	3.192447E-04	-9.267741E+03
-1.000000E+01	2.500000E-01	-1.248251E+01	-2.473642E+01	1.006498E+03	3.991071E-04	-9.069491E+03
-1.000000E+01	3.000000E-01	-1.231283E+01	-2.289363E+01	1.006646E+03	4.789900E-04	-8.871190E+03
-1.000000E+01	3.500000E-01	-1.214375E+01	-2.131405E+01	1.006793E+03	5.588934E-04	-8.672839E+03
-1.000000E+01	4.000000E-01	-1.197527E+01	-1.992950E+01	1.006940E+03	6.388173E-04	-8.474436E+03
-1.000000E+01	4.500000E-01	-1.180738E+01	-1.869550E+01	1.007088E+03	7.187617E-04	-8.275983E+03
-1.000000E+01	5.000000E-01	-1.164008E+01	-1.758137E+01	1.007235E+03	7.987267E-04	-8.077478E+03
-1.000000E+01	5.500000E-01	-1.147338E+01	-1.656504E+01	1.007383E+03	8.787122E-04	-7.878923E+03
-1.000000E+01	6.000000E-01	-1.130727E+01	-1.563009E+01	1.007530E+03	9.587183E-04	-7.680316E+03
-1.000000E+01	6.500000E-01	-1.114177E+01	-1.476395E+01	1.007678E+03	1.038744E-03	-7.481659E+03
-1.000000E+01	7.000000E-01	-1.097686E+01	-1.395680E+01	1.007825E+03	1.118792E-03	-7.282950E+03
-1.000000E+01	7.500000E-01	-1.081255E+01	-1.320078E+01	1.007973E+03	1.198859E-03	-7.084191E+03
-1.000000E+01	8.000000E-01	-1.064884E+01	-1.248955E+01	1.008120E+03	1.278948E-03	-6.885380E+03
-1.000000E+01	8.500000E-01	-1.048573E+01	-1.181788E+01	1.008268E+03	1.359057E-03	-6.686518E+03
-1.000000E+01	9.000000E-01	-1.032322E+01	-1.118141E+01	1.008416E+03	1.439186E-03	-6.487605E+03
-1.000000E+01	9.500000E-01	-1.016131E+01	-1.057649E+01	1.008564E+03	1.519336E-03	-6.288641E+03
-1.000000E+01	1.000000E+00	-1.000000E+01	-1.000000E+01	1.008711E+03	1.599507E-03	-6.089626E+03
-5.000000E+00	5.000000E-02	-9.405701E+00	-3.598008E+01	1.006260E+03	1.233352E-04	-4.723403E+03
-5.000000E+00	1.000000E-01	-9.160956E+00	-2.946750E+01	1.006487E+03	2.467193E-04	-4.415979E+03
-5.000000E+00	1.500000E-01	-8.917652E+00	-2.548928E+01	1.006714E+03	3.701524E-04	-4.108433E+03
-5.000000E+00	2.000000E-01	-8.675788E+00	-2.258684E+01	1.006942E+03	4.936344E-04	-3.800765E+03
-5.000000E+00	2.500000E-01	-8.435362E+00	-2.028813E+01	1.007169E+03	6.171655E-04	-3.492975E+03
-5.000000E+00	3.000000E-01	-8.196374E+00	-1.837829E+01	1.007396E+03	7.407456E-04	-3.185063E+03
-5.000000E+00	3.500000E-01	-7.958822E+00	-1.674080E+01	1.007624E+03	8.643748E-04	-2.877028E+03
-5.000000E+00	4.000000E-01	-7.722703E+00	-1.530515E+01	1.007851E+03	9.880531E-04	-2.568871E+03
-5.000000E+00	4.500000E-01	-7.488016E+00	-1.402534E+01	1.008079E+03	1.111780E-03	-2.260592E+03
-5.000000E+00	5.000000E-01	-7.254758E+00	-1.286965E+01	1.008307E+03	1.235557E-03	-1.952190E+03
-5.000000E+00	5.500000E-01	-7.022925E+00	-1.181522E+01	1.008534E+03	1.359382E-03	-1.643666E+03
-5.000000E+00	6.000000E-01	-6.792516E+00	-1.084508E+01	1.008762E+03	1.483257E-03	-1.335019E+03
-5.000000E+00	6.500000E-01	-6.563526E+00	-9.946212E+00	1.008990E+03	1.607182E-03	-1.026249E+03
-5.000000E+00	7.000000E-01	-6.335952E+00	-9.108441E+00	1.009218E+03	1.731155E-03	-7.173569E+02
-5.000000E+00	7.500000E-01	-6.109790E+00	-8.323653E+00	1.009446E+03	1.855178E-03	-4.083416E+02
-5.000000E+00	8.000000E-01	-5.885035E+00	-7.585268E+00	1.009675E+03	1.979250E-03	-9.920339E+01
-5.000000E+00	8.500000E-01	-5.661684E+00	-6.887874E+00	1.009903E+03	2.103372E-03	2.100578E+02
-5.000000E+00	9.000000E-01	-5.439731E+00	-6.226965E+00	1.010132E+03	2.227543E-03	5.194421E+02
-5.000000E+00	9.500000E-01	-5.219171E+00	-5.598748E+00	1.010360E+03	2.351763E-03	8.289495E+02
-5.000000E+00	1.000000E+00	-5.000000E+00	-5.000000E+00	1.010589E+03	2.476033E-03	1.138580E+03
0.000000E+00	5.000000E-02	-5.917337E+00	-3.208011E+01	1.006582E+03	1.876520E-04	4.692781E+02
0.000000E+00	1.000000E-01	-5.577839E+00	-2.534844E+01	1.006927E+03	3.754174E-04	9.388394E+02
0.000000E+00	1.500000E-01	-5.241581E+00	-2.123319E+01	1.007272E+03	5.632960E-04	1.408684E+03
0.000000E+00	2.000000E-01	-4.908544E+00	-1.822922E+01	1.007617E+03	7.512882E-04	1.878813E+03
0.000000E+00	2.500000E-01	-4.578708E+00	-1.584917E+01	1.007963E+03	9.393939E-04	2.349225E+03
0.000000E+00	3.000000E-01	-4.252054E+00	-1.387112E+01	1.008309E+03	1.127613E-03	2.819922E+03
0.000000E+00	3.500000E-01	-3.928559E+00	-1.217468E+01	1.008655E+03	1.315946E-03	3.290904E+03
0.000000E+00	4.000000E-01	-3.608202E+00	-1.068702E+01	1.009001E+03	1.504393E-03	3.762170E+03
0.000000E+00	4.500000E-01	-3.290960E+00	-9.360563E+00	1.009347E+03	1.692955E-03	4.233721E+03
0.000000E+00	5.000000E-01	-2.976807E+00	-8.162516E+00	1.009694E+03	1.881630E-03	4.705558E+03
0.000000E+00	5.500000E-01	-2.665720E+00	-7.069269E+00	1.010041E+03	2.070419E-03	5.177680E+03
0.000000E+00	6.000000E-01	-2.357673E+00	-6.063246E+00	1.010388E+03	2.259323E-03	5.650088E+03
0.000000E+00	6.500000E-01	-2.052639E+00	-5.131000E+00	1.010735E+03	2.448341E-03	6.122782E+03
0.000000E+00	7.000000E-01	-1.750591E+00	-4.262006E+00	1.011082E+03	2.637473E-03	6.595762E+03
0.000000E+00	7.500000E-01	-1.451503E+00	-3.447869E+00	1.011430E+03	2.826720E-03	7.069029E+03
0.000000E+00	8.000000E-01	-1.155345E+00	-2.681780E+00	1.011778E+03	3.016082E-03	7.542583E+03
0.000000E+00	8.500000E-01	-8.620900E-01	-1.958139E+00	1.012126E+03	3.205559E-03	8.016424E+03
0.000000E+00	9.000000E-01	-5.717087E-01	-1.272284E+00	1.012474E+03	3.395150E-03	8.490552E+03
0.000000E+00	9.500000E-01	-2.841719E-01	-6.202896E-01	1.012823E+03	3.584857E-03	8.964968E+03
0.000000E+00	1.000000E+00	0.000000E+00	0.000000E+00	1.013172E+03	3.774679E-03	9.439672E+03
5.000000E+00	5.000000E-02	-2.714661E+00	-2.867005E+01	1.006879E+03	2.679018E-04	5.704012E+03
5.000000E+00	1.000000E-01	-2.275326E+00	-2.174356E+01	1.007371E+03	5.360345E-04	6.377018E+03
5.000000E+00	1.500000E-01	-1.842125E+00	-1.750630E+01	1.007864E+03	8.043983E-04	7.050605E+03
5.000000E+00	2.000000E-01	-1.414979E+00	-1.441186E+01	1.008357E+03	1.072993E-03	7.724772E+03
5.000000E+00	2.500000E-01	-9.938054E-01	-1.195927E+01	1.008850E+03	1.341820E-03	8.399522E+03
5.000000E+00	3.000000E-01	-5.785205E-01	-9.920377E+00	1.009344E+03	1.610880E-03	9.074853E+03
5.000000E+00	3.500000E-01	1.830858E-01	-8.171344E+00	1.009839E+03	1.880172E-03	9.750768E+03
5.000000E+00	4.000000E-01	5.778526E-01	-6.637230E+00	1.010333E+03	2.149696E-03	1.042726E+04
5.000000E+00	4.500000E-01	9.683941E-01	-5.269110E+00	1.010828E+03	2.419453E-03	1.110435E+04
5.000000E+00	5.000000E-01	1.354760E+00	-4.033230E+00	1.011324E+03	2.689444E-03	1.178202E+04
5.000000E+00	5.500000E-01	1.737002E+00	-2.905291E+00	1.011820E+03	2.959668E-03	1.246027E+04
5.000000E+00	6.000000E-01	2.115170E+00	-1.867202E+00	1.012316E+03	3.230126E-03	1.313911E+04
5.000000E+00	6.500000E-01	2.489315E+00	-9.051186E-01	1.012813E+03	3.500818E-03	1.381855E+04
5.000000E+00	7.000000E-01	2.859489E+00	-8.206366E-03	1.013310E+03	3.771745E-03	1.449856E+04
5.000000E+00	7.500000E-01	3.225743E+00	9.427227E-01	1.013808E+03	4.042906E-03	1.517917E+04
5.000000E+00	8.000000E-01	3.588127E+00	1.841326E+00	1.014306E+03	4.314303E-03	1.586037E+04
5.000000E+00	8.500000E-01	3.946694E+00	2.691488E+00	1.014805E+03	4.585935E-03	1.654217E+04
5.000000E+00	9.000000E-01	4.301494E+00	3.498473E+00	1.015304E+03	4.857803E-03	1.722455E+04
5.000000E+00	9.500000E-01	4.652579E+00	4.266718E+00	1.015803E+03	5.129906E-03	1.790752E+04
5.000000E+00	1.000000E+00	5.000000E+00	5.000000E+00	1.016303E+03	5.402246E-03	1.859109E+04
1.000000E+01	5.000000E-02	9.209070E-01	-2.530305E+01	1.007187E+03	3.771288E-04	1.101385E+04
1.000000E+01	1.000000E-01	1.465321E+00	-1.818118E+01	1.007879E+03	7.547153E-04	1.196504E+04
1.000000E+01	1.500000E-01	2.001523E+00	-1.382141E+01	1.008571E+03	1.132760E-03	1.291739E+04
1.000000E+01	2.000000E-01	2.529659E+00	-1.063607E+01	1.009264E+03	1.511264E-03	1.387090E+04
1.000000E+01	2.500000E-01	3.049874E+00	-8.110580E+00	1.009958E+03	1.890229E-03	1.482556E+04
1.000000E+01	3.000000E-01	3.562314E+00	-6.010477E+00	1.010653E+03	2.269654E-03	1.578139E+04
1.000000E+01	3.500000E-01	4.067125E+00	-4.208517E+00	1.011349E+03	2.649541E-03	1.673838E+04
1.000000E+01	4.000000E-01	4.564452E+00	-2.627655E+00	1.012045E+03	3.029891E-03	1.769654E+04
1.000000E+01	4.500000E-01	5.054440E+00	-1.217588E+00	1.012743E+03	3.410704E-03	1.865586E+04
1.000000E+01	5.000000E-01	5.537233E+00	6.259124E-02	1.013441E+03	3.791981E-03	1.961635E+04
1.000000E+01	5.500000E-01	6.012974E+00	1.382381E+00	1.014140E+03	4.173724E-03	2.057802E+04
1.000000E+01	6.000000E-01	6.481803E+00	2.599831E+00	1.014840E+03	4.555933E-03	2.154086E+04
1.000000E+01	6.500000E-01	6.943860E+00	3.730549E+00	1.015541E+03	4.938608E-03	2.250487E+04
1.000000E+01	7.000000E-01	7.399284E+00	4.786771E+00	1.016242E+03	5.321752E-03	2.347006E+04
1.000000E+01	7.500000E-01	7.848211E+00	5.778276E+00	1.016945E+03	5.705364E-03	2.443643E+04
1.000000E+01	8.000000E-01	8.290774E+00	6.713005E+00	1.017648E+03	6.089445E-03	2.540399E+04
1.000000E+01	8.500000E-01	8.727105E+00	7.597500E+00	1.018352E+03	6.473997E-03	2.637273E+04
1.000000E+01	9.000000E-01	9.157336E+00	8.437214E+00	1.019057E+03	6.859020E-03	2.734266E+04
1.000000E+01	9.500000E-01	9.581592E+00	9.236743E+00	1.019763E+03	7.244515E-03	2.831377E+04
1.000000E+01	1.000000E+00	1.000000E+01	1.000000E+01	1.020470E+03	7.630483E-03	2.928608E+04
1.500000E+01	5.000000E-02	3.917988E+00	-2.197880E+01	1.007532E+03	5.238825E-04	1.642103E+04
1.500000E+01	1.000000E-01	4.610851E+00	-1.466106E+01	1.008491E+03	1.048648E-03	1.774779E+04
1.500000E+01	1.500000E-01	5.289479E+00	-1.017835E+01	1.009451E+03	1.574299E-03	1.907679E+04
1.500000E+01	2.000000E-01	5.954265E+00	-6.901727E+00	1.010412E+03	2.100838E-03	2.040803E+04
1.500000E+01	2.500000E-01	6.605593E+00	-4.302960E+00	1.011376E+03	2.628267E-03	2.174152E+04
1.500000E+01	3.000000E-01	7.243845E+00	-2.141328E+00	1.012341E+03	3.156589E-03	2.307727E+04
1.500000E+01	3.500000E-01	7.869393E+00	-2.861363E-01	1.013307E+03	3.685804E-03	2.441528E+04
1.500000E+01	4.000000E-01	8.482603E+00	1.521560E+00	1.014275E+03	4.215917E-03	2.575555E+04
1.500000E+01	4.500000E-01	9.083831E+00	3.174362E+00	1.015245E+03	4.746928E-03	2.709810E+04
1.500000E+01	5.000000E-01	9.673429E+00	4.671921E+00	1.016217E+03	5.278841E-03	2.844293E+04
1.500000E+01	5.500000E-01	1.025173E+01	6.042458E+00	1.017190E+03	5.811658E-03	2.979004E+04
1.500000E+01	6.000000E-01	1.081908E+01	7.307027E+00	1.018164E+03	6.345380E-03	3.113945E+04
1.500000E+01	6.500000E-01	1.137578E+01	8.481772E+00	1.019141E+03	6.880011E-03	3.249115E+04
1.500000E+01	7.000000E-01	1.192217E+01	9.579353E+00	1.020119E+03	7.415553E-03	3.384515E+04
1.500000E+01	7.500000E-01	1.245853E+01	1.060988E+01	1.021099E+03	7.952007E-03	3.520146E+04
1.500000E+01	8.000000E-01	1.298516E+01	1.158158E+01	1.022080E+03	8.489376E-03	3.656008E+04
1.500000E+01	8.500000E-01	1.350235E+01	1.250123E+01	1.023063E+03	9.027664E-03	3.792103E+04
1.500000E+01	9.000000E-01	1.401038E+01	1.337446E+01	1.024049E+03	9.566871E-03	3.928430E+04
1.500000E+01	9.500000E-01	1.450951E+01	1.420603E+01	1.025035E+03	1.010700E-02	4.064990E+04
1.500000E+01	1.000000E+00	1.500000E+01	1.500000E+01	1.026023E+03	1.064805E-02	4.201784E+04
2.000000E+01	5.000000E-02	6.734960E+00	-1.869695E+01	1.007942E+03	7.186627E-04	2.195308E+04
2.000000E+01	1.000000E-01	7.604519E+00	-1.118295E+01	1.009253E+03	1.438988E-03	2.378083E+04
2.000000E+01	1.500000E-01	8.450433E+00	-6.576916E+00	1.010568E+03	2.160982E-03	2.561282E+04
2.000000E+01	2.000000E-01	9.273645E+00	-3.208636E+00	1.011885E+03	2.884650E-03	2.744906E+04
2.000000E+01	2.500000E-01	1.007506E+01	-5.362692E-01	1.013206E+03	3.609998E-03	2.928956E+04
2.000000E+01	3.000000E-01	1.085556E+01	1.914272E+00	1.014530E+03	4.337032E-03	3.113434E+04
2.000000E+01	3.500000E-01	1.161599E+01	4.088944E+00	1.015857E+03	5.065758E-03	3.298342E+04
2.000000E+01	4.000000E-01	1.235716E+01	6.004263E+00	1.017187E+03	5.796181E-03	3.483680E+04
2.000000E+01	4.500000E-01	1.307984E+01	7.718613E+00	1.018520E+03	6.528309E-03	3.669450E+04
2.000000E+01	5.000000E-01	1.378478E+01	9.272392E+00	1.019856E+03	7.262146E-03	3.855654E+04
2.000000E+01	5.500000E-01	1.447270E+01	1.069475E+01	1.021195E+03	7.997698E-03	4.042293E+04
2.000000E+01	6.000000E-01	1.514426E+01	1.200747E+01	1.022537E+03	8.734972E-03	4.229370E+04
2.000000E+01	6.500000E-01	1.580013E+01	1.322721E+01	1.023883E+03	9.473974E-03	4.416884E+04
2.000000E+01	7.000000E-01	1.644091E+01	1.436708E+01	1.025232E+03	1.021471E-02	4.604839E+04
2.000000E+01	7.500000E-01	1.706720E+01	1.543752E+01	1.026584E+03	1.095718E-02	4.793235E+04
2.000000E+01	8.000000E-01	1.767955E+01	1.644706E+01	1.027939E+03	1.170140E-02	4.982074E+04
2.000000E+01	8.500000E-01	1.827851E+01	1.740267E+01	1.029297E+03	1.244738E-02	5.171358E+04
2.000000E+01	9.000000E-01	1.886459E+01	1.831020E+01	1.030658E+03	1.319511E-02	5.361088E+04
2.000000E+01	9.500000E-01	1.943826E+01	1.917458E+01	1.032023E+03	1.394461E-02	5.551265E+04
2.000000E+01	1.000000E+00	2.000000E+01	2.000000E+01	1.033391E+03	1.469587E-02	5.741892E+04
2.500000E+01	5.000000E-02	9.394434E+00	-1.545715E+01	1.008446E+03	9.742298E-04	2.764369E+04
2.500000E+01	1.000000E-01	1.047198E+01	-7.746562E+00	1.010219E+03	1.951516E-03	3.013235E+04
2.500000E+01	1.500000E-01	1.151172E+01	-3.016848E+00	1.011998E+03	2.931874E-03	3.262882E+04
2.500000E+01	2.000000E-01	1.251571E+01	5.014971E-01	1.013782E+03	3.915317E-03	3.513315E+04
2.500000E+01	2.500000E-01	1.348590E+01	3.625434E+00	1.015572E+03	4.901861E-03	3.764538E+04
2.500000E+01	3.000000E-01	1.442413E+01	6.238119E+00	1.017367E+03	5.891520E-03	4.016553E+04
2.500000E+01	3.500000E-01	1.533213E+01	8.490878E+00	1.019169E+03	6.884308E-03	4.269366E+04
2.500000E+01	4.000000E-01	1.621153E+01	1.047569E+01	1.020975E+03	7.880240E-03	4.522980E+04
2.500000E+01	4.500000E-01	1.706383E+01	1.225282E+01	1.022788E+03	8.879333E-03	4.777398E+04
2.500000E+01	5.000000E-01	1.789047E+01	1.386397E+01	1.024607E+03	9.881600E-03	5.032624E+04
2.500000E+01	5.500000E-01	1.869277E+01	1.533925E+01	1.026431E+03	1.088705E-02	5.288663E+04
2.500000E+01	6.000000E-01	1.947197E+01	1.670113E+01	1.028261E+03	1.189571E-02	5.545518E+04
2.500000E+01	6.500000E-01	2.022926E+01	1.796685E+01	1.030097E+03	1.290760E-02	5.803193E+04
2.500000E+01	7.000000E-01	2.096572E+01	1.914993E+01	1.031939E+03	1.392271E-02	6.061692E+04
2.500000E+01	7.500000E-01	2.168237E+01	2.026119E+01	1.033786E+03	1.494108E-02	6.321018E+04
2.500000E+01	8.000000E-01	2.238017E+01	2.130940E+01	1.035640E+03	1.596272E-02	6.581177E+04
2.500000E+01	8.500000E-01	2.306001E+01	2.230180E+01	1.037499E+03	1.698764E-02	6.842172E+04
2.500000E+01	9.000000E-01	2.372275E+01	2.324443E+01	1.039365E+03	1.801586E-02	7.104007E+04
2.500000E+01	9.500000E-01	2.436917E+01	2.414239E+01	1.041236E+03	1.904739E-02	7.366685E+04
2.500000E+01	1.000000E+00	2.500000E+01	2.500000E+01	1.043114E+03	2.008225E-02	7.630212E+04
3.000000E+01	5.000000E-02	1.191948E+01	-1.225902E+01	1.009078E+03	1.305941E-03	3.353372E+04
3.000000E+01	1.000000E-01	1.323918E+01	-4.351570E+00	1.011448E+03	2.617379E-03	3.688515E+04
3.000000E+01	1.500000E-01	1.450042E+01	5.681116E-01	1.013828E+03	3.934347E-03	4.025072E+04
3.000000E+01	2.000000E-01	1.570742E+01	4.612819E+00	1.016218E+03	5.256880E-03	4.363052E+04
3.000000E+01	2.500000E-01	1.686407E+01	7.844105E+00	1.018618E+03	6.585014E-03	4.702462E+04
3.000000E+01	3.000000E-01	1.797388E+01	1.054789E+01	1.021028E+03	7.918784E-03	5.043313E+04
3.000000E+01	3.500000E-01	1.904012E+01	1.288018E+01	1.023448E+03	9.258226E-03	5.385614E+04
3.000000E+01	4.000000E-01	2.006575E+01	1.493582E+01	1.025879E+03	1.060337E-02	5.729374E+04
3.000000E+01	4.500000E-01	2.105349E+01	1.677697E+01	1.028320E+03	1.195427E-02	6.074601E+04
3.000000E+01	5.000000E-01	2.200581E+01	1.844664E+01	1.030772E+03	1.331095E-02	6.421307E+04
3.000000E+01	5.500000E-01	2.292499E+01	1.997591E+01	1.033233E+03	1.467345E-02	6.769499E+04
3.000000E+01	6.000000E-01	2.381311E+01	2.138799E+01	1.035706E+03	1.604181E-02	7.119189E+04
3.000000E+01	6.500000E-01	2.467208E+01	2.270066E+01	1.038189E+03	1.741605E-02	7.470384E+04
3.000000E+01	7.000000E-01	2.550367E+01	2.392789E+01	1.040683E+03	1.879624E-02	7.823096E+04
3.000000E+01	7.500000E-01	2.630947E+01	2.508084E+01	1.043188E+03	2.018239E-02	8.177334E+04
3.000000E+01	8.000000E-01	2.709099E+01	2.616859E+01	1.045704E+03	2.157455E-02	8.533108E+04
3.000000E+01	8.500000E-01	2.784958E+01	2.719861E+01	1.048230E+03	2.297277E-02	8.890427E+04
3.000000E+01	9.000000E-01	2.858651E+01	2.817715E+01	1.050768E+03	2.437707E-02	9.249303E+04
3.000000E+01	9.500000E-01	2.930296E+01	2.910945E+01	1.053316E+03	2.578750E-02	9.609745E+04
3.000000E+01	1.000000E+00	3.000000E+01	3.000000E+01	1.055876E+03	2.720410E-02	9.971763E+04
3.500000E+01	5.000000E-02	1.433267E+01	-9.102147E+00	1.009876E+03	1.732119E-03	3.967214E+04
3.500000E+01	1.000000E-01	1.593112E+01	-9.976340E-01	1.013009E+03	3.473912E-03	4.413908E+04
3.500000E+01	1.500000E-01	1.744199E+01	4.527880E+00	1.016159E+03	5.225461E-03	4.863103E+04
3.500000E+01	2.000000E-01	1.887335E+01	8.706691E+00	1.019328E+03	6.986848E-03	5.314821E+04
3.500000E+01	2.500000E-01	2.023235E+01	1.204711E+01	1.022514E+03	8.758155E-03	5.769084E+04
3.500000E+01	3.000000E-01	2.152538E+01	1.484360E+01	1.025719E+03	1.053946E-02	6.225912E+04
3.500000E+01	3.500000E-01	2.275807E+01	1.725687E+01	1.028941E+03	1.233087E-02	6.685328E+04
3.500000E+01	4.000000E-01	2.393545E+01	1.938465E+01	1.032181E+03	1.413244E-02	7.147354E+04
3.500000E+01	4.500000E-01	2.506200E+01	2.129103E+01	1.035441E+03	1.594429E-02	7.612011E+04
3.500000E+01	5.000000E-01	2.614174E+01	2.302037E+01	1.038718E+03	1.776648E-02	8.079323E+04
3.500000E+01	5.500000E-01	2.717822E+01	2.460473E+01	1.042015E+03	1.959911E-02	8.549313E+04
3.500000E+01	6.000000E-01	2.817468E+01	2.606803E+01	1.045330E+03	2.144228E-02	9.022003E+04
3.500000E+01	6.500000E-01	2.913400E+01	2.742863E+01	1.048665E+03	2.329606E-02	9.497416E+04
3.500000E+01	7.000000E-01	3.005879E+01	2.870094E+01	1.052018E+03	2.516055E-02	9.975578E+04
3.500000E+01	7.500000E-01	3.095139E+01	2.989649E+01	1.055392E+03	2.703585E-02	1.045651E+05
3.500000E+01	8.000000E-01	3.181395E+01	3.102463E+01	1.058784E+03	2.892206E-02	1.094023E+05
3.500000E+01	8.500000E-01	3.264841E+01	3.209310E+01	1.062197E+03	3.081925E-02	1.142678E+05
3.500000E+01	9.000000E-01	3.345652E+01	3.310833E+01	1.065630E+03	3.272754E-02	1.191617E+05
3.500000E+01	9.500000E-01	3.423989E+01	3.407576E+01	1.069082E+03	3.464702E-02	1.240843E+05
3.500000E+01	1.000000E+00	3.500000E+01	3.500000E+01	1.072555E+03	3.657779E-02	1.290359E+05
4.000000E+01	5.000000E-02	1.665545E+01	-5.986093E+00	1.010879E+03	2.274442E-03	4.611729E+04
4.000000E+01	1.000000E-01	1.857112E+01	2.629363E+00	1.014979E+03	4.565580E-03	5.201360E+04
4.000000E+01	1.500000E-01	2.035932E+01	8.468171E+00	1.019110E+03	6.873598E-03	5.795336E+04
4.000000E+01	2.000000E-01	2.203463E+01	1.278313E+01	1.023271E+03	9.198682E-03	6.393704E+04
4.000000E+01	2.500000E-01	2.360953E+01	1.623447E+01	1.027463E+03	1.154102E-02	6.996513E+04
4.000000E+01	3.000000E-01	2.509471E+01	1.912524E+01	1.031686E+03	1.390081E-02	7.603813E+04
4.000000E+01	3.500000E-01	2.649939E+01	2.162090E+01	1.035941E+03	1.627825E-02	8.215654E+04
4.000000E+01	4.000000E-01	2.783152E+01	2.382215E+01	1.040227E+03	1.867353E-02	8.832087E+04
4.000000E+01	4.500000E-01	2.909801E+01	2.579500E+01	1.044546E+03	2.108686E-02	9.453164E+04
4.000000E+01	5.000000E-01	3.030489E+01	2.758516E+01	1.048898E+03	2.351844E-02	1.007893E+05
4.000000E+01	5.500000E-01	3.145741E+01	2.922568E+01	1.053283E+03	2.596848E-02	1.070946E+05
4.000000E+01	6.000000E-01	3.256022E+01	3.074123E+01	1.057701E+03	2.843718E-02	1.134479E+05
4.000000E+01	6.500000E-01	3.361740E+01	3.215074E+01	1.062153E+03	3.092477E-02	1.198498E+05
4.000000E+01	7.000000E-01	3.463257E+01	3.346906E+01	1.066639E+03	3.343146E-02	1.263008E+05
4.000000E+01	7.500000E-01	3.560896E+01	3.470810E+01	1.071159E+03	3.595748E-02	1.328016E+05
4.000000E+01	8.000000E-01	3.654943E+01	3.587751E+01	1.075715E+03	3.850303E-02	1.393527E+05
4.000000E+01	8.500000E-01	3.745656E+01	3.698526E+01	1.080306E+03	4.106837E-02	1.459547E+05
4.000000E+01	9.000000E-01	3.833268E+01	3.803799E+01	1.084933E+03	4.365371E-02	1.526081E+05
4.000000E+01	9.500000E-01	3.917986E+01	3.904131E+01	1.089596E+03	4.625928E-02	1.593137E+05
4.000000E+01	1.000000E+00	4.000000E+01	4.000000E+01	1.094295E+03	4.888534E-02	1.660719E+05
4.500000E+01	5.000000E-02	1.890783E+01	-2.910411E+00	1.012133E+03	2.958387E-03	5.293803E+04
4.500000E+01	1.000000E-01	2.118024E+01	6.367948E+00	1.017448E+03	5.945051E-03	6.065095E+04
4.500000E+01	1.500000E-01	2.327214E+01	1.238904E+01	1.022814E+03	8.960400E-03	6.843796E+04
4.500000E+01	2.000000E-01	2.520852E+01	1.684220E+01	1.028232E+03	1.200484E-02	7.630011E+04
4.500000E+01	2.500000E-01	2.700993E+01	2.040621E+01	1.033702E+03	1.507881E-02	8.423850E+04
4.500000E+01	3.000000E-01	2.869334E+01	2.339282E+01	1.039225E+03	1.818274E-02	9.225424E+04
4.500000E+01	3.500000E-01	3.027290E+01	2.597231E+01	1.044803E+03	2.131706E-02	1.003484E+05
4.500000E+01	4.000000E-01	3.176046E+01	2.824834E+01	1.050436E+03	2.448223E-02	1.085223E+05
4.500000E+01	4.500000E-01	3.316606E+01	3.028887E+01	1.056124E+03	2.767869E-02	1.167771E+05
4.500000E+01	5.000000E-01	3.449824E+01	3.214100E+01	1.061868E+03	3.090692E-02	1.251138E+05
4.500000E+01	5.500000E-01	3.576429E+01	3.383876E+01	1.067670E+03	3.416740E-02	1.335339E+05
4.500000E+01	6.000000E-01	3.697052E+01	3.540759E+01	1.073531E+03	3.746060E-02	1.420384E+05
4.500000E+01	6.500000E-01	3.812240E+01	3.686698E+01	1.079450E+03	4.078702E-02	1.506288E+05
4.500000E+01	7.000000E-01	3.922469E+01	3.823226E+01	1.085430E+03	4.414718E-02	1.593062E+05
4.500000E+01	7.500000E-01	4.028156E+01	3.951568E+01	1.091470E+03	4.754158E-02	1.680721E+05
4.500000E+01	8.000000E-01	4.129671E+01	4.072722E+01	1.097572E+03	5.097075E-02	1.769278E+05
4.500000E+01	8.500000E-01	4.227338E+01	4.187508E+01	1.103737E+03	5.443523E-02	1.858747E+05
4.500000E+01	9.000000E-01	4.321448E+01	4.296611E+01	1.109966E+03	5.793557E-02	1.949141E+05
4.500000E+01	9.500000E-01	4.412258E+01	4.400611E+01	1.116260E+03	6.147232E-02	2.040476E+05
4.500000E+01	1.000000E+00	4.500000E+01	4.500000E+01	1.122619E+03	6.504606E-02	2.132766E+05
5.000000E+01	5.000000E-02	2.110814E+01	1.407947E-01	1.013689E+03	3.813700E-03	6.021519E+04
5.000000E+01	1.000000E-01	2.377693E+01	1.008475E+01	1.020516E+03	7.674455E-03	7.021966E+04
5.000000E+01	1.500000E-01	2.619664E+01	1.629056E+01	1.027429E+03	1.158314E-02	8.034835E+04
5.000000E+01	2.000000E-01	2.840812E+01	2.088391E+01	1.034427E+03	1.554066E-02	9.060357E+04
5.000000E+01	2.500000E-01	3.044352E+01	2.456234E+01	1.041514E+03	1.954793E-02	1.009877E+05
5.000000E+01	3.000000E-01	3.232838E+01	2.764636E+01	1.048690E+03	2.360590E-02	1.115032E+05
5.000000E+01	3.500000E-01	3.408330E+01	3.031110E+01	1.055957E+03	2.771553E-02	1.221526E+05
5.000000E+01	4.000000E-01	3.572505E+01	3.266321E+01	1.063318E+03	3.187782E-02	1.329385E+05
5.000000E+01	4.500000E-01	3.726743E+01	3.477264E+01	1.070774E+03	3.609378E-02	1.438634E+05
5.000000E+01	5.000000E-01	3.872194E+01	3.668788E+01	1.078326E+03	4.036447E-02	1.549301E+05
5.000000E+01	5.500000E-01	4.009822E+01	3.844397E+01	1.085977E+03	4.469094E-02	1.661414E+05
5.000000E+01	6.000000E-01	4.140444E+01	4.006710E+01	1.093728E+03	4.907431E-02	1.775002E+05
5.000000E+01	6.500000E-01	4.264757E+01	4.157735E+01	1.101583E+03	5.351570E-02	1.890092E+05
5.000000E+01	7.000000E-01	4.383361E+01	4.299052E+01	1.109541E+03	5.801628E-02	2.006717E+05
5.000000E+01	7.500000E-01	4.496774E+01	4.431923E+01	1.117607E+03	6.257723E-02	2.124906E+05
5.000000E+01	8.000000E-01	4.605448E+01	4.557375E+01	1.125782E+03	6.719977E-02	2.244691E+05
5.000000E+01	8.500000E-01	4.709779E+01	4.676255E+01	1.134067E+03	7.188517E-02	2.366105E+05
5.000000E+01	9.000000E-01	4.810115E+01	4.789270E+01	1.142466E+03	7.663471E-02	2.489181E+05
5.000000E+01	9.500000E-01	4.906764E+01	4.897015E+01	1.150981E+03	8.144972E-02	2.613954E+05
5.000000E+01	1.000000E+00	5.000000E+01	5.000000E+01	1.159614E+03	8.633157E-02	2.740458E+05
5.500000E+01	5.000000E-02	2.327298E+01	3.547956E+00	1.015602E+03	4.874932E-03	6.804310E+04
5.500000E+01	1.000000E-01	2.637686E+01	1.377988E+01	1.024299E+03	9.826885E-03	8.091886E+04
5.500000E+01	1.500000E-01	2.914540E+01	2.017280E+01	1.033135E+03	1.485769E-02	9.399967E+04
5.500000E+01	2.000000E-01	3.164255E+01	2.490835E+01	1.042112E+03	1.996927E-02	1.072904E+05
5.500000E+01	2.500000E-01	3.391626E+01	2.870292E+01	1.051235E+03	2.516356E-02	1.207963E+05
5.500000E+01	3.000000E-01	3.600321E+01	3.188589E+01	1.060506E+03	3.044260E-02	1.345226E+05
5.500000E+01	3.500000E-01	3.793197E+01	3.463729E+01	1.069930E+03	3.580847E-02	1.484746E+05
5.500000E+01	4.000000E-01	3.972516E+01	3.706679E+01	1.079510E+03	4.126334E-02	1.626580E+05
5.500000E+01	4.500000E-01	4.140097E+01	3.924634E+01	1.089251E+03	4.680944E-02	1.770786E+05
5.500000E+01	5.000000E-01	4.297419E+01	4.122583E+01	1.099156E+03	5.244907E-02	1.917424E+05
5.500000E+01	5.500000E-01	4.445703E+01	4.304132E+01	1.109229E+03	5.818463E-02	2.066556E+05
5.500000E+01	6.000000E-01	4.585965E+01	4.471976E+01	1.119475E+03	6.401857E-02	2.218247E+05
5.500000E+01	6.500000E-01	4.719062E+01	4.628185E+01	1.129898E+03	6.995346E-02	2.372562E+05
5.500000E+01	7.000000E-01	4.845719E+01	4.774384E+01	1.140503E+03	7.599194E-02	2.529571E+05
5.500000E+01	7.500000E-01	4.966558E+01	4.911873E+01	1.151295E+03	8.213674E-02	2.689344E+05
5.500000E+01	8.000000E-01	5.082115E+01	5.041710E+01	1.162279E+03	8.839069E-02	2.851956E+05
5.500000E+01	8.500000E-01	5.192855E+01	5.164768E+01	1.173459E+03	9.475674E-02	3.017482E+05
5.500000E+01	9.000000E-01	5.299185E+01	5.281774E+01	1.184842E+03	1.012379E-01	3.186001E+05
5.500000E+01	9.500000E-01	5.401462E+01	5.393344E+01	1.196433E+03	1.078373E-01	3.357596E+05
5.500000E+01	1.000000E+00	5.500000E+01	5.500000E+01	1.208237E+03	1.145583E-01	3.532352E+05
6.000000E+01	5.000000E-02	2.541713E+01	6.930460E+00	1.017934E+03	6.182045E-03	7.653135E+04
6.000000E+01	1.000000E-01	2.899278E+01	1.745348E+01	1.028927E+03	1.248821E-02	9.298343E+04
6.000000E+01	1.500000E-01	3.212750E+01	2.403586E+01	1.040142E+03	1.892228E-02	1.097691E+05
6.000000E+01	2.000000E-01	3.491729E+01	2.891556E+01	1.051587E+03	2.548818E-02	1.268988E+05
6.000000E+01	2.500000E-01	3.743071E+01	3.282801E+01	1.063269E+03	3.219001E-02	1.443832E+05
6.000000E+01	3.000000E-01	3.971820E+01	3.611146E+01	1.075196E+03	3.903202E-02	1.622332E+05
6.000000E+01	3.500000E-01	4.181776E+01	3.895092E+01	1.087374E+03	4.601867E-02	1.804606E+05
6.000000E+01	4.000000E-01	4.375869E+01	4.145909E+01	1.099813E+03	5.315459E-02	1.990774E+05
6.000000E+01	4.500000E-01	4.556398E+01	4.370997E+01	1.112520E+03	6.044462E-02	2.180962E+05
6.000000E+01	5.000000E-01	4.725201E+01	4.575484E+01	1.125504E+03	6.789379E-02	2.375303E+05
6.000000E+01	5.500000E-01	4.883769E+01	4.763080E+01	1.138776E+03	7.550739E-02	2.573933E+05
6.000000E+01	6.000000E-01	5.033324E+01	4.936559E+01	1.152343E+03	8.329092E-02	2.776996E+05
6.000000E+01	6.500000E-01	5.174884E+01	5.098049E+01	1.166217E+03	9.125012E-02	2.984643E+05
6.000000E+01	7.000000E-01	5.309302E+01	5.249223E+01	1.180407E+03	9.939102E-02	3.197030E+05
6.000000E+01	7.500000E-01	5.437303E+01	5.391420E+01	1.194925E+03	1.077199E-01	3.414321E+05
6.000000E+01	8.000000E-01	5.559506E+01	5.525728E+01	1.209782E+03	1.162433E-01	3.636688E+05
6.000000E+01	8.500000E-01	5.676443E+01	5.653047E+01	1.224991E+03	1.249683E-01	3.864312E+05
6.000000E+01	9.000000E-01	5.788577E+01	5.774125E+01	1.240563E+03	1.339020E-01	4.097381E+05
6.000000E+01	9.500000E-01	5.896311E+01	5.889597E+01	1.256512E+03	1.430519E-01	4.336092E+05
6.000000E+01	1.000000E+00	6.000000E+01	6.000000E+01	1.272852E+03	1.524260E-01	4.580653E+05
6.500000E+01	5.000000E-02	2.755352E+01	1.028850E+01	1.020754E+03	7.781100E-03	8.580679E+04
6.500000E+01	1.000000E-01	3.163458E+01	2.110566E+01	1.034548E+03	1.575935E-02	1.066903E+05
6.500000E+01	1.500000E-01	3.514876E+01	2.787985E+01	1.048695E+03	2.394235E-02	1.281099E+05
6.500000E+01	2.000000E-01	3.823472E+01	3.290565E+01	1.063210E+03	3.233807E-02	1.500863E+05
6.500000E+01	2.500000E-01	4.098676E+01	3.693765E+01	1.078108E+03	4.095492E-02	1.726415E+05
6.500000E+01	3.000000E-01	4.347157E+01	4.032312E+01	1.093403E+03	4.980175E-02	1.957986E+05
6.500000E+01	3.500000E-01	4.573786E+01	4.325202E+01	1.109112E+03	5.888790E-02	2.195822E+05
6.500000E+01	4.000000E-01	4.782224E+01	4.584016E+01	1.125251E+03	6.822320E-02	2.440180E+05
6.500000E+01	4.500000E-01	4.975286E+01	4.816356E+01	1.141839E+03	7.781806E-02	2.691332E+05
6.500000E+01	5.000000E-01	5.155183E+01	5.027494E+01	1.158895E+03	8.768344E-02	2.949565E+05
6.500000E+01	5.500000E-01	5.323679E+01	5.221245E+01	1.176439E+03	9.783095E-02	3.215183E+05
6.500000E+01	6.000000E-01	5.482207E+01	5.400459E+01	1.194492E+03	1.082728E-01	3.488507E+05
6.500000E+01	6.500000E-01	5.631946E+01	5.567327E+01	1.213076E+03	1.190222E-01	3.769878E+05
6.500000E+01	7.000000E-01	5.773873E+01	5.723569E+01	1.232215E+03	1.300927E-01	4.059656E+05
6.500000E+01	7.500000E-01	5.908813E+01	5.870563E+01	1.251935E+03	1.414991E-01	4.358224E+05
6.500000E+01	8.000000E-01	6.037464E+01	6.009429E+01	1.272263E+03	1.532567E-01	4.665989E+05
6.500000E+01	8.500000E-01	6.160425E+01	6.141092E+01	1.293226E+03	1.653821E-01	4.983380E+05
6.500000E+01	9.000000E-01	6.278212E+01	6.266323E+01	1.314855E+03	1.778929E-01	5.310858E+05
6.500000E+01	9.500000E-01	6.391273E+01	6.385774E+01	1.337183E+03	1.908077E-01	5.648911E+05
6.500000E+01	1.000000E+00	6.500000E+01	6.500000E+01	1.360244E+03	2.041463E-01	5.998059E+05
7.000000E+01	5.000000E-02	2.969322E+01	1.362230E+01	1.024137E+03	9.725077E-03	9.601590E+04
7.000000E+01	1.000000E-01	3.430943E+01	2.473659E+01	1.041331E+03	1.975910E-02	1.223669E+05
7.000000E+01	1.500000E-01	3.821214E+01	3.170487E+01	1.059081E+03	3.011703E-02	1.495687E+05
7.000000E+01	2.000000E-01	4.159472E+01	3.687869E+01	1.077412E+03	4.081481E-02	1.776629E+05
7.000000E+01	2.500000E-01	4.458229E+01	4.103194E+01	1.096355E+03	5.186944E-02	2.066943E+05
7.000000E+01	3.000000E-01	4.726004E+01	4.452092E+01	1.115940E+03	6.329908E-02	2.367105E+05
7.000000E+01	3.500000E-01	4.968842E+01	4.754066E+01	1.136202E+03	7.512315E-02	2.677626E+05
7.000000E+01	4.000000E-01	5.191179E+01	5.021004E+01	1.157175E+03	8.736241E-02	2.999050E+05
7.000000E+01	4.500000E-01	5.396366E+01	5.260715E+01	1.178897E+03	1.000391E-01	3.331962E+05
7.000000E+01	5.000000E-01	5.586989E+01	5.478617E+01	1.201410E+03	1.131771E-01	3.676991E+05
7.000000E+01	5.500000E-01	5.765092E+01	5.678628E+01	1.224758E+03	1.268022E-01	4.034808E+05
7.000000E+01	6.000000E-01	5.932312E+01	5.863679E+01	1.248987E+03	1.409419E-01	4.406139E+05
7.000000E+01	6.500000E-01	6.089984E+01	6.036021E+01	1.274149E+03	1.556258E-01	4.791764E+05
7.000000E+01	7.000000E-01	6.239208E+01	6.197424E+01	1.300299E+03	1.708860E-01	5.192524E+05
7.000000E+01	7.500000E-01	6.380904E+01	6.349304E+01	1.327495E+03	1.867572E-01	5.609329E+05
7.000000E+01	8.000000E-01	6.515848E+01	6.492813E+01	1.355803E+03	2.032768E-01	6.043162E+05
7.000000E+01	8.500000E-01	6.644700E+01	6.628903E+01	1.385291E+03	2.204853E-01	6.495087E+05
7.000000E+01	9.000000E-01	6.768026E+01	6.758367E+01	1.416035E+03	2.384268E-01	6.966261E+05
7.000000E+01	9.500000E-01	6.886317E+01	6.881875E+01	1.448117E+03	2.571490E-01	7.457941E+05
7.000000E+01	1.000000E+00	7.000000E+01	7.000000E+01	1.481626E+03	2.767042E-01	7.971494E+05
7.500000E+01	5.000000E-02	3.184548E+01	1.693207E+01	1.028166E+03	1.207484E-02	1.073276E+05
7.500000E+01	1.000000E-01	3.702196E+01	2.834642E+01	1.049471E+03	2.462780E-02	1.404009E+05
7.500000E+01	1.500000E-01	4.131825E+01	3.551105E+01	1.071637E+03	3.768784E-02	1.748102E+05
7.500000E+01	2.000000E-01	4.499530E+01	4.083480E+01	1.094716E+03	5.128632E-02	2.106381E+05
7.500000E+01	2.500000E-01	4.821385E+01	4.511095E+01	1.118767E+03	6.545725E-02	2.479743E+05
7.500000E+01	3.000000E-01	5.107949E+01	4.870495E+01	1.143853E+03	8.023754E-02	2.869159E+05
7.500000E+01	3.500000E-01	5.366510E+01	5.181688E+01	1.170040E+03	9.566737E-02	3.275689E+05
7.500000E+01	4.000000E-01	5.602310E+01	5.456877E+01	1.197405E+03	1.117905E-01	3.700485E+05
7.500000E+01	4.500000E-01	5.819237E+01	5.704078E+01	1.226027E+03	1.286548E-01	4.144808E+05
7.500000E+01	5.000000E-01	6.020258E+01	5.928855E+01	1.255996E+03	1.463124E-01	4.610035E+05
7.500000E+01	5.500000E-01	6.207685E+01	6.135232E+01	1.287409E+03	1.648209E-01	5.097677E+05
7.500000E+01	6.000000E-01	6.383357E+01	6.326221E+01	1.320373E+03	1.842431E-01	5.609393E+05
7.500000E+01	6.500000E-01	6.548759E+01	6.504134E+01	1.355005E+03	2.046484E-01	6.147013E+05
7.500000E+01	7.000000E-01	6.705109E+01	6.670789E+01	1.391436E+03	2.261135E-01	6.712553E+05
7.500000E+01	7.500000E-01	6.853418E+01	6.827644E+01	1.429809E+03	2.487230E-01	7.308248E+05
7.500000E+01	8.000000E-01	6.994534E+01	6.975882E+01	1.470284E+03	2.725711E-01	7.936573E+05
7.500000E+01	8.500000E-01	7.129176E+01	7.116481E+01	1.513040E+03	2.977624E-01	8.600287E+05
7.500000E+01	9.000000E-01	7.257960E+01	7.250258E+01	1.558272E+03	3.244135E-01	9.302466E+05
7.500000E+01	9.500000E-01	7.381414E+01	7.377901E+01	1.606205E+03	3.526553E-01	1.004655E+06
7.500000E+01	1.000000E+00	7.500000E+01	7.500000E+01	1.657086E+03	3.826345E-01	1.083641E+06
8.000000E+01	5.000000E-02	3.401772E+01	2.021805E+01	1.032931E+03	1.490033E-02	1.199366E+05
8.000000E+01	1.000000E-01	3.977458E+01	3.193534E+01	1.059190E+03	3.053210E-02	1.612537E+05
8.000000E+01	1.500000E-01	4.446583E+01	3.929854E+01	1.086769E+03	4.695052E-02	2.046499E+05
8.000000E+01	2.000000E-01	4.843318E+01	4.477408E+01	1.115773E+03	6.421649E-02	2.502864E+05
8.000000E+01	2.500000E-01	5.187724E+01	4.917478E+01	1.146313E+03	8.239740E-02	2.983411E+05
8.000000E+01	3.000000E-01	5.492540E+01	5.287528E+01	1.178515E+03	1.015679E-01	3.490116E+05
8.000000E+01	3.500000E-01	5.766349E+01	5.608076E+01	1.212520E+03	1.218111E-01	4.025174E+05
8.000000E+01	4.000000E-01	6.015202E+01	5.891641E+01	1.248482E+03	1.432197E-01	4.591033E+05
8.000000E+01	4.500000E-01	6.243525E+01	6.146450E+01	1.286576E+03	1.658972E-01	5.190432E+05
8.000000E+01	5.000000E-01	6.454654E+01	6.378213E+01	1.326996E+03	1.899599E-01	5.826443E+05
8.000000E+01	5.500000E-01	6.651166E+01	6.591061E+01	1.369963E+03	2.155387E-01	6.502528E+05
8.000000E+01	6.000000E-01	6.835091E+01	6.788087E+01	1.415726E+03	2.427816E-01	7.222595E+05
8.000000E+01	6.500000E-01	7.008061E+01	6.971666E+01	1.464566E+03	2.718563E-01	7.991083E+05
8.000000E+01	7.000000E-01	7.171403E+01	7.143667E+01	1.516804E+03	3.029542E-01	8.813044E+05
8.000000E+01	7.500000E-01	7.326216E+01	7.305584E+01	1.572808E+03	3.362939E-01	9.694261E+05
8.000000E+01	8.000000E-01	7.473417E+01	7.458636E+01	1.633000E+03	3.721270E-01	1.064138E+06
8.000000E+01	8.500000E-01	7.613780E+01	7.603827E+01	1.697869E+03	4.107441E-01	1.166209E+06
8.000000E+01	9.000000E-01	7.747966E+01	7.741996E+01	1.767982E+03	4.524826E-01	1.276530E+06
8.000000E+01	9.500000E-01	7.876543E+01	7.873852E+01	1.844000E+03	4.977371E-01	1.396144E+06
8.000000E+01	1.000000E+00	8.000000E+01	8.000000E+01	1.926703E+03	5.469712E-01	1.526277E+06
8.500000E+01	5.000000E-02	3.621565E+01	2.348047E+01	1.038535E+03	1.828199E-02	1.340677E+05
8.500000E+01	1.000000E-01	4.256781E+01	3.550352E+01	1.070747E+03	3.767126E-02	1.854783E+05
8.500000E+01	1.500000E-01	4.765226E+01	4.306749E+01	1.104971E+03	5.827154E-02	2.400999E+05
8.500000E+01	2.000000E-01	5.190428E+01	4.869666E+01	1.141401E+03	8.019996E-02	2.982430E+05
8.500000E+01	2.500000E-01	5.556788E+01	5.322354E+01	1.180258E+03	1.035892E-01	3.602596E+05
8.500000E+01	3.000000E-01	5.879325E+01	5.703200E+01	1.221793E+03	1.285904E-01	4.265500E+05
8.500000E+01	3.500000E-01	6.167932E+01	6.033237E+01	1.266293E+03	1.553759E-01	4.975718E+05
8.500000E+01	4.000000E-01	6.429468E+01	6.325304E+01	1.314086E+03	1.841440E-01	5.738503E+05
8.500000E+01	4.500000E-01	6.668886E+01	6.587837E+01	1.365553E+03	2.151232E-01	6.559916E+05
8.500000E+01	5.000000E-01	6.889880E+01	6.826696E+01	1.421133E+03	2.485786E-01	7.446985E+05
8.500000E+01	5.500000E-01	7.095279E+01	7.046119E+01	1.481341E+03	2.848195E-01	8.407911E+05
8.500000E+01	6.000000E-01	7.287300E+01	7.249282E+01	1.546779E+03	3.242088E-01	9.452317E+05
8.500000E+01	6.500000E-01	7.467711E+01	7.438623E+01	1.618161E+03	3.671754E-01	1.059158E+06
8.500000E+01	7.000000E-01	7.637946E+01	7.616059E+01	1.696334E+03	4.142300E-01	1.183923E+06
8.500000E+01	7.500000E-01	7.799185E+01	7.783127E+01	1.782316E+03	4.659850E-01	1.321151E+06
8.500000E+01	8.000000E-01	7.952411E+01	7.941077E+01	1.877338E+03	5.231817E-01	1.472808E+06
8.500000E+01	8.500000E-01	8.098450E+01	8.090942E+01	1.982906E+03	5.867260E-01	1.641295E+06
8.500000E+01	9.000000E-01	8.238007E+01	8.233583E+01	2.100878E+03	6.577367E-01	1.829580E+06
8.500000E+01	9.500000E-01	8.371683E+01	8.369729E+01	2.233577E+03	7.376119E-01	2.041369E+06
8.500000E+01	1.000000E+00	8.500000E+01	8.500000E+01	2.383944E+03	8.281218E-01	2.281356E+06
9.000000E+01	5.000000E-02	3.844336E+01	2.671961E+01	1.045089E+03	2.231259E-02	1.499806E+05
9.000000E+01	1.000000E-01	4.540065E+01	3.905117E+01	1.084448E+03	4.628560E-02	2.137430E+05
9.000000E+01	1.500000E-01	5.087400E+01	4.681806E+01	1.126849E+03	7.211155E-02	2.824337E+05
9.000000E+01	2.000000E-01	5.540412E+01	5.260269E+01	1.172660E+03	1.000139E-01	3.566471E+05
9.000000E+01	2.500000E-01	5.928118E+01	5.725735E+01	1.222307E+03	1.302535E-01	4.370771E+05
9.000000E+01	3.000000E-01	6.267870E+01	6.117521E+01	1.276296E+03	1.631370E-01	5.245391E+05
9.000000E+01	3.500000E-01	6.570866E+01	6.457181E+01	1.335220E+03	1.990268E-01	6.199973E+05
9.000000E+01	4.000000E-01	6.844762E+01	6.757872E+01	1.399790E+03	2.383551E-01	7.246009E+05
9.000000E+01	4.500000E-01	7.095019E+01	7.028246E+01	1.470857E+03	2.816408E-01	8.397302E+05
9.000000E+01	5.000000E-01	7.325676E+01	7.274309E+01	1.549454E+03	3.295129E-01	9.670582E+05
9.000000E+01	5.500000E-01	7.539807E+01	7.500412E+01	1.636844E+03	3.827410E-01	1.108632E+06
9.000000E+01	6.000000E-01	7.739802E+01	7.709810E+01	1.734592E+03	4.422774E-01	1.266984E+06
9.000000E+01	6.500000E-01	7.927560E+01	7.905006E+01	1.844654E+03	5.093141E-01	1.445286E+06
9.000000E+01	7.000000E-01	8.104618E+01	8.087969E+01	1.969513E+03	5.853637E-01	1.647559E+06
9.000000E+01	7.500000E-01	8.272231E+01	8.260275E+01	2.112369E+03	6.723748E-01	1.878987E+06
9.000000E+01	8.000000E-01	8.431446E+01	8.423208E+01	2.277415E+03	7.729014E-01	2.146363E+06
9.000000E+01	8.500000E-01	8.583138E+01	8.577827E+01	2.470256E+03	8.903577E-01	2.458768E+06
9.000000E+01	9.000000E-01	8.728051E+01	8.725019E+01	2.698560E+03	1.029414E+00	2.828623E+06
9.000000E+01	9.500000E-01	8.866822E+01	8.865531E+01	2.973099E+03	1.196631E+00	3.273380E+06
9.000000E+01	1.000000E+00	9.000000E+01	9.000000E+01	3.309501E+03	1.401528E+00	3.818355E+06
9.500000E+01	5.000000E-02	4.070345E+01	2.993572E+01	1.052717E+03	2.709951E-02	1.679768E+05
9.500000E+01	1.000000E-01	4.827095E+01	4.257850E+01	1.100655E+03	5.666803E-02	2.468631E+05
9.500000E+01	1.500000E-01	5.412695E+01	5.055041E+01	1.153170E+03	8.905910E-02	3.332797E+05
9.500000E+01	2.000000E-01	5.892816E+01	5.649231E+01	1.210949E+03	1.246971E-01	4.283588E+05
9.500000E+01	2.500000E-01	6.301277E+01	6.127633E+01	1.274825E+03	1.640960E-01	5.334718E+05
9.500000E+01	3.000000E-01	6.657775E+01	6.530504E+01	1.345818E+03	2.078844E-01	6.502954E+05
9.500000E+01	3.500000E-01	6.974801E+01	6.879918E+01	1.425187E+03	2.568391E-01	7.809021E+05
9.500000E+01	4.000000E-01	7.260779E+01	7.189355E+01	1.514507E+03	3.119315E-01	9.278840E+05
9.500000E+01	4.500000E-01	7.521664E+01	7.467683E+01	1.615774E+03	3.743934E-01	1.094527E+06
9.500000E+01	5.000000E-01	7.761826E+01	7.721060E+01	1.731559E+03	4.458093E-01	1.285058E+06
9.500000E+01	5.500000E-01	7.984568E+01	7.953944E+01	1.865223E+03	5.282532E-01	1.505012E+06
9.500000E+01	6.000000E-01	8.192448E+01	8.169675E+01	2.021254E+03	6.244933E-01	1.761772E+06
9.500000E+01	6.500000E-01	8.387490E+01	8.370821E+01	2.205780E+03	7.383088E-01	2.065422E+06
9.500000E+01	7.000000E-01	8.571325E+01	8.559400E+01	2.427390E+03	8.749978E-01	2.430096E+06
9.500000E+01	7.500000E-01	8.745283E+01	8.737030E+01	2.698512E+03	1.042226E+00	2.876246E+06
9.500000E+01	8.000000E-01	8.910469E+01	8.905029E+01	3.037826E+03	1.251515E+00	3.434612E+06
9.500000E+01	8.500000E-01	9.067806E+01	9.064485E+01	3.474761E+03	1.521017E+00	4.153619E+06
9.500000E+01	9.000000E-01	9.218077E+01	9.216305E+01	4.058523E+03	1.881081E+00	5.114239E+06
9.500000E+01	9.500000E-01	9.361950E+01	9.361259E+01	4.878067E+03	2.386576E+00	6.462855E+06
9.500000E+01	1.000000E+00	9.500000E+01	9.500000E+01	6.112391E+03	3.147907E+00	8.494020E+06