1.00000000E+01	1.32850000E-01	6.14680000E-04	1.06230000E+03	2.47200000E-02	
2.00000000E+01	1.27700000E-01	5.20510000E-04	1.06530000E+03	2.29850000E-02	
3.00000000E+01	1.24460000E-01	4.71410000E-04	1.06860000E+03	2.18800000E-02	
4.00000000E+01	1.22030000E-01	4.38920000E-04	1.07180000E+03	2.10500000E-02	
5.00000000E+01	1.20070000E-01	4.14960000E-04	1.07490000E+03	2.03780000E-02	
6.00000000E+01	1.18410000E-01	3.96130000E-04	1.07790000E+03	1.98100000E-02	
7.00000000E+01	1.16980000E-01	3.80710000E-04	1.08090000E+03	1.93160000E-02	
8.00000000E+01	1.15700000E-01	3.67700000E-04	1.08370000E+03	1.88770000E-02	
9.00000000E+01	1.14550000E-01	3.56490000E-04	1.08650000E+03	1.84820000E-02	
1.00000000E+02	1.13500000E-01	3.46660000E-04	1.08920000E+03	1.81210000E-02	
1.10000000E+02	1.12530000E-01	3.37920000E-04	1.09180000E+03	1.77890000E-02	
1.20000000E+02	1.11640000E-01	3.30070000E-04	1.09430000E+03	1.74810000E-02	
1.30000000E+02	1.10810000E-01	3.22960000E-04	1.09680000E+03	1.71930000E-02	
1.40000000E+02	1.10040000E-01	3.16450000E-04	1.09930000E+03	1.69230000E-02	
1.50000000E+02	1.09310000E-01	3.10470000E-04	1.10170000E+03	1.66680000E-02	
2.00000000E+02	1.06150000E-01	2.86250000E-04	1.11310000E+03	1.55720000E-02	
2.50000000E+02	1.03560000E-01	2.68200000E-04	1.12360000E+03	1.46820000E-02	
3.00000000E+02	1.01360000E-01	2.53900000E-04	1.13360000E+03	1.39270000E-02	
3.50000000E+02	9.94230000E-02	2.42090000E-04	1.14310000E+03	1.32700000E-02	
4.00000000E+02	9.76950000E-02	2.32060000E-04	1.15220000E+03	1.26860000E-02	
4.50000000E+02	9.61270000E-02	2.23360000E-04	1.16100000E+03	1.21590000E-02	
5.00000000E+02	9.46870000E-02	2.15690000E-04	1.16960000E+03	1.16790000E-02	
5.50000000E+02	9.33530000E-02	2.08830000E-04	1.17800000E+03	1.12370000E-02	
6.00000000E+02	9.21080000E-02	2.02630000E-04	1.18620000E+03	1.08270000E-02	
6.50000000E+02	9.09380000E-02	1.96970000E-04	1.19430000E+03	1.04440000E-02	
7.00000000E+02	8.98330000E-02	1.91780000E-04	1.20240000E+03	1.00850000E-02	
7.50000000E+02	8.87860000E-02	1.86990000E-04	1.21030000E+03	9.74750000E-03	
8.00000000E+02	8.77880000E-02	1.82530000E-04	1.21830000E+03	9.42800000E-03	
8.50000000E+02	8.68350000E-02	1.78360000E-04	1.22620000E+03	9.12490000E-03	
9.00000000E+02	8.59210000E-02	1.74450000E-04	1.23400000E+03	8.83650000E-03	
9.50000000E+02	8.50430000E-02	1.70770000E-04	1.24190000E+03	8.56150000E-03	
1.00000000E+03	8.41980000E-02	1.67290000E-04	1.24990000E+03	8.29850000E-03	
1.05000000E+03	8.33820000E-02	1.63990000E-04	1.25780000E+03	8.04660000E-03	
1.10000000E+03	8.25920000E-02	1.60860000E-04	1.26580000E+03	7.80480000E-03	
1.15000000E+03	8.18280000E-02	1.57870000E-04	1.27390000E+03	7.57230000E-03	
1.20000000E+03	8.10850000E-02	1.55020000E-04	1.28200000E+03	7.34840000E-03	
1.25000000E+03	8.03640000E-02	1.52290000E-04	1.29020000E+03	7.13260000E-03	
1.30000000E+03	7.96630000E-02	1.49670000E-04	1.29850000E+03	6.92420000E-03	
1.35000000E+03	7.89790000E-02	1.47150000E-04	1.30690000E+03	6.72270000E-03	
1.40000000E+03	7.83120000E-02	1.44730000E-04	1.31550000E+03	6.52780000E-03	
1.45000000E+03	7.76600000E-02	1.42400000E-04	1.32410000E+03	6.33890000E-03	
1.50000000E+03	7.70240000E-02	1.40150000E-04	1.33290000E+03	6.15590000E-03	
1.55000000E+03	7.64000000E-02	1.37970000E-04	1.34190000E+03	5.97820000E-03	
1.60000000E+03	7.57900000E-02	1.35860000E-04	1.35100000E+03	5.80570000E-03	
1.65000000E+03	7.51920000E-02	1.33820000E-04	1.36030000E+03	5.63800000E-03	
1.70000000E+03	7.46050000E-02	1.31830000E-04	1.36980000E+03	5.47500000E-03	
1.75000000E+03	7.40290000E-02	1.29910000E-04	1.37960000E+03	5.31630000E-03	
1.80000000E+03	7.34640000E-02	1.28040000E-04	1.38950000E+03	5.16180000E-03	
1.85000000E+03	7.29070000E-02	1.26220000E-04	1.39960000E+03	5.01120000E-03	
1.90000000E+03	7.23600000E-02	1.24440000E-04	1.41000000E+03	4.86450000E-03	
1.95000000E+03	7.18220000E-02	1.22710000E-04	1.42070000E+03	4.72140000E-03	
2.00000000E+03	7.12920000E-02	1.21020000E-04	1.43160000E+03	4.58170000E-03	
2.05000000E+03	7.07690000E-02	1.19370000E-04	1.44290000E+03	4.44540000E-03	
2.10000000E+03	7.02540000E-02	1.17760000E-04	1.45440000E+03	4.31230000E-03	
2.15000000E+03	6.97460000E-02	1.16180000E-04	1.46630000E+03	4.18230000E-03	
2.20000000E+03	6.92440000E-02	1.14640000E-04	1.47850000E+03	4.05520000E-03	
2.25000000E+03	6.87490000E-02	1.13130000E-04	1.49120000E+03	3.93090000E-03	
2.30000000E+03	6.82610000E-02	1.11650000E-04	1.50410000E+03	3.80950000E-03	
2.35000000E+03	6.77770000E-02	1.10190000E-04	1.51760000E+03	3.69060000E-03	
2.40000000E+03	6.73000000E-02	1.08770000E-04	1.53140000E+03	3.57440000E-03	
2.45000000E+03	6.68280000E-02	1.07360000E-04	1.54570000E+03	3.46060000E-03	
2.50000000E+03	6.63600000E-02	1.05990000E-04	1.56060000E+03	3.34920000E-03	
2.55000000E+03	6.58980000E-02	1.04630000E-04	1.57590000E+03	3.24010000E-03	
2.60000000E+03	6.54400000E-02	1.03300000E-04	1.59180000E+03	3.13330000E-03	
2.65000000E+03	6.49870000E-02	1.01980000E-04	1.60830000E+03	3.02870000E-03	
2.70000000E+03	6.45380000E-02	1.00690000E-04	1.62550000E+03	2.92620000E-03	
2.75000000E+03	6.40940000E-02	9.94140000E-05	1.64330000E+03	2.82580000E-03	
2.80000000E+03	6.36530000E-02	9.81560000E-05	1.66190000E+03	2.72740000E-03	
2.85000000E+03	6.32160000E-02	9.69140000E-05	1.68120000E+03	2.63100000E-03	
2.90000000E+03	6.27820000E-02	9.56880000E-05	1.70140000E+03	2.53650000E-03	
2.95000000E+03	6.23530000E-02	9.44760000E-05	1.72250000E+03	2.44380000E-03	
3.00000000E+03	6.19260000E-02	9.32770000E-05	1.74450000E+03	2.35300000E-03	
3.05000000E+03	6.15030000E-02	9.20920000E-05	1.76760000E+03	2.26390000E-03	
3.10000000E+03	6.10840000E-02	9.09180000E-05	1.79180000E+03	2.17660000E-03	
3.15000000E+03	6.06680000E-02	8.97560000E-05	1.81720000E+03	2.09100000E-03	
3.20000000E+03	6.02550000E-02	8.86040000E-05	1.84400000E+03	2.00710000E-03	
3.25000000E+03	5.98450000E-02	8.74620000E-05	1.87210000E+03	1.92480000E-03	
3.30000000E+03	5.94380000E-02	8.63280000E-05	1.90180000E+03	1.84410000E-03	
3.35000000E+03	5.90350000E-02	8.52020000E-05	1.93320000E+03	1.76500000E-03	
3.40000000E+03	5.86340000E-02	8.40840000E-05	1.96650000E+03	1.68750000E-03	
3.45000000E+03	5.82380000E-02	8.29720000E-05	2.00180000E+03	1.61150000E-03	
3.50000000E+03	5.78440000E-02	8.18660000E-05	2.03940000E+03	1.53690000E-03	
3.55000000E+03	5.74550000E-02	8.07640000E-05	2.07940000E+03	1.46390000E-03	
3.60000000E+03	5.70690000E-02	7.96660000E-05	2.12220000E+03	1.39230000E-03	
3.65000000E+03	5.66880000E-02	7.85720000E-05	2.16810000E+03	1.32220000E-03	
3.70000000E+03	5.63110000E-02	7.74790000E-05	2.21740000E+03	1.25350000E-03	
3.75000000E+03	5.59390000E-02	7.63880000E-05	2.27060000E+03	1.18630000E-03	
3.80000000E+03	5.55730000E-02	7.52970000E-05	2.32810000E+03	1.12040000E-03	
3.85000000E+03	5.52130000E-02	7.42050000E-05	2.39050000E+03	1.05590000E-03	
3.90000000E+03	5.48610000E-02	7.31100000E-05	2.45850000E+03	9.92790000E-04	
3.95000000E+03	5.45160000E-02	7.20130000E-05	2.53290000E+03	9.31070000E-04	
4.00000000E+03	5.41820000E-02	7.09110000E-05	2.61470000E+03	8.70720000E-04	
4.05000000E+03	5.38580000E-02	6.98030000E-05	2.70510000E+03	8.11730000E-04	
4.10000000E+03	5.35470000E-02	6.86870000E-05	2.80550000E+03	7.54120000E-04	
4.15000000E+03	5.32510000E-02	6.75620000E-05	2.91770000E+03	6.97880000E-04	
4.20000000E+03	5.29740000E-02	6.64250000E-05	3.04400000E+03	6.43020000E-04	
4.25000000E+03	5.27190000E-02	6.52740000E-05	3.18730000E+03	5.89550000E-04	
4.30000000E+03	5.24890000E-02	6.41070000E-05	3.35110000E+03	5.37490000E-04	
4.35000000E+03	5.22920000E-02	6.29200000E-05	3.54050000E+03	4.86850000E-04	
4.40000000E+03	5.21320000E-02	6.17110000E-05	3.76200000E+03	4.37650000E-04	
4.45000000E+03	5.20180000E-02	6.04740000E-05	4.02460000E+03	3.89940000E-04	
4.50000000E+03	5.19620000E-02	5.92040000E-05	4.34100000E+03	3.43740000E-04	
4.55000000E+03	5.19760000E-02	5.78950000E-05	4.73010000E+03	2.99110000E-04	
4.60000000E+03	5.20810000E-02	5.65390000E-05	5.22050000E+03	2.56120000E-04	
4.65000000E+03	5.23040000E-02	5.51240000E-05	5.85850000E+03	2.14850000E-04	
4.70000000E+03	5.26910000E-02	5.36350000E-05	6.72320000E+03	1.75410000E-04	
4.75000000E+03	5.33200000E-02	5.20470000E-05	7.96290000E+03	1.37960000E-04	
4.80000000E+03	5.43470000E-02	5.03240000E-05	9.88970000E+03	1.02700000E-04