1.00000000E+01	5.22840000E-03	8.06000000E-06	5.26730000E+02	
2.00000000E+01	5.65980000E-03	8.48000000E-06	5.44070000E+02	
3.00000000E+01	5.94950000E-03	8.76000000E-06	5.56190000E+02	
4.00000000E+01	6.17510000E-03	8.96000000E-06	5.65930000E+02	
5.00000000E+01	6.36300000E-03	9.13000000E-06	5.74250000E+02	
6.00000000E+01	6.52590000E-03	9.27000000E-06	5.81620000E+02	
7.00000000E+01	6.67070000E-03	9.39000000E-06	5.88300000E+02	
8.00000000E+01	6.80180000E-03	9.50000000E-06	5.94460000E+02	
9.00000000E+01	6.92200000E-03	9.60000000E-06	6.00210000E+02	
1.00000000E+02	7.03350000E-03	9.69000000E-06	6.05610000E+02	
1.10000000E+02	7.13780000E-03	9.77000000E-06	6.10730000E+02	
1.20000000E+02	7.23590000E-03	9.85000000E-06	6.15610000E+02	
1.30000000E+02	7.32880000E-03	9.92000000E-06	6.20280000E+02	
1.40000000E+02	7.41710000E-03	9.98600000E-06	6.24770000E+02	
1.50000000E+02	7.50140000E-03	1.00500000E-05	6.29110000E+02	
2.00000000E+02	7.87650000E-03	1.03290000E-05	6.48940000E+02	
2.50000000E+02	8.19730000E-03	1.05580000E-05	6.66600000E+02	
3.00000000E+02	8.48180000E-03	1.07560000E-05	6.82810000E+02	
3.50000000E+02	8.74050000E-03	1.09300000E-05	6.97970000E+02	
4.00000000E+02	8.97970000E-03	1.10880000E-05	7.12360000E+02	
4.50000000E+02	9.20380000E-03	1.12340000E-05	7.26160000E+02	
5.00000000E+02	9.41580000E-03	1.13690000E-05	7.39500000E+02	
5.50000000E+02	9.61810000E-03	1.14950000E-05	7.52470000E+02	
6.00000000E+02	9.81220000E-03	1.16150000E-05	7.65150000E+02	
6.50000000E+02	9.99970000E-03	1.17300000E-05	7.77600000E+02	
7.00000000E+02	1.01820000E-02	1.18390000E-05	7.89880000E+02	
7.50000000E+02	1.03590000E-02	1.19450000E-05	8.02030000E+02	
8.00000000E+02	1.05320000E-02	1.20470000E-05	8.14070000E+02	
8.50000000E+02	1.07020000E-02	1.21460000E-05	8.26050000E+02	
9.00000000E+02	1.08680000E-02	1.22430000E-05	8.37990000E+02	
9.50000000E+02	1.10330000E-02	1.23380000E-05	8.49920000E+02	
1.00000000E+03	1.11960000E-02	1.24310000E-05	8.61860000E+02	
1.05000000E+03	1.13570000E-02	1.25220000E-05	8.73820000E+02	
1.10000000E+03	1.15160000E-02	1.26120000E-05	8.85840000E+02	
1.15000000E+03	1.16750000E-02	1.27000000E-05	8.97930000E+02	
1.20000000E+03	1.18330000E-02	1.27880000E-05	9.10100000E+02	
1.25000000E+03	1.19550000E-02	1.28460000E-05	9.22380000E+02	
1.30000000E+03	1.21110000E-02	1.29260000E-05	9.34790000E+02	
1.35000000E+03	1.22660000E-02	1.30070000E-05	9.47330000E+02	
1.40000000E+03	1.24210000E-02	1.30860000E-05	9.60020000E+02	
1.45000000E+03	1.25770000E-02	1.31650000E-05	9.72890000E+02	
1.50000000E+03	1.27330000E-02	1.32440000E-05	9.85950000E+02	
1.55000000E+03	1.28900000E-02	1.33230000E-05	9.99210000E+02	
1.60000000E+03	1.30470000E-02	1.34020000E-05	1.01270000E+03	
1.65000000E+03	1.32060000E-02	1.34800000E-05	1.02640000E+03	
1.70000000E+03	1.33660000E-02	1.35590000E-05	1.04040000E+03	
1.75000000E+03	1.35270000E-02	1.36380000E-05	1.05470000E+03	
1.80000000E+03	1.36900000E-02	1.37170000E-05	1.06920000E+03	
1.85000000E+03	1.38550000E-02	1.37960000E-05	1.08410000E+03	
1.90000000E+03	1.40210000E-02	1.38760000E-05	1.09930000E+03	
1.95000000E+03	1.41900000E-02	1.39570000E-05	1.11490000E+03	
2.00000000E+03	1.43600000E-02	1.40380000E-05	1.13090000E+03	
2.05000000E+03	1.45330000E-02	1.41190000E-05	1.14730000E+03	
2.10000000E+03	1.47090000E-02	1.42010000E-05	1.16410000E+03	
2.15000000E+03	1.48870000E-02	1.42840000E-05	1.18140000E+03	
2.20000000E+03	1.50680000E-02	1.43680000E-05	1.19910000E+03	
2.25000000E+03	1.52520000E-02	1.44530000E-05	1.21740000E+03	
2.30000000E+03	1.54400000E-02	1.45390000E-05	1.23630000E+03	
2.35000000E+03	1.56310000E-02	1.46250000E-05	1.25570000E+03	
2.40000000E+03	1.58250000E-02	1.47130000E-05	1.27580000E+03	
2.45000000E+03	1.60230000E-02	1.48020000E-05	1.29660000E+03	
2.50000000E+03	1.62260000E-02	1.48930000E-05	1.31810000E+03	
2.55000000E+03	1.64320000E-02	1.49840000E-05	1.34030000E+03	
2.60000000E+03	1.66430000E-02	1.50770000E-05	1.36340000E+03	
2.65000000E+03	1.68590000E-02	1.51720000E-05	1.38740000E+03	
2.70000000E+03	1.70800000E-02	1.52680000E-05	1.41220000E+03	
2.75000000E+03	1.73060000E-02	1.53660000E-05	1.43810000E+03	
2.80000000E+03	1.75370000E-02	1.54650000E-05	1.46510000E+03	
2.85000000E+03	1.77740000E-02	1.55670000E-05	1.49320000E+03	
2.90000000E+03	1.80180000E-02	1.56700000E-05	1.52260000E+03	
2.95000000E+03	1.82680000E-02	1.57760000E-05	1.55330000E+03	
3.00000000E+03	1.85250000E-02	1.58840000E-05	1.58540000E+03	
3.05000000E+03	1.87890000E-02	1.59940000E-05	1.61920000E+03	
3.10000000E+03	1.90600000E-02	1.61060000E-05	1.65460000E+03	
3.15000000E+03	1.93400000E-02	1.62210000E-05	1.69180000E+03	
3.20000000E+03	1.96280000E-02	1.63390000E-05	1.73100000E+03	
3.25000000E+03	1.99260000E-02	1.64600000E-05	1.77240000E+03	
3.30000000E+03	2.02330000E-02	1.65830000E-05	1.81610000E+03	
3.35000000E+03	2.05500000E-02	1.67100000E-05	1.86240000E+03	
3.40000000E+03	2.08780000E-02	1.68400000E-05	1.91150000E+03	
3.45000000E+03	2.12180000E-02	1.69740000E-05	1.96380000E+03	
3.50000000E+03	2.15700000E-02	1.71120000E-05	2.01940000E+03	
3.55000000E+03	2.19350000E-02	1.72540000E-05	2.07890000E+03	
3.60000000E+03	2.23140000E-02	1.74000000E-05	2.14260000E+03	
3.65000000E+03	2.27090000E-02	1.75510000E-05	2.21100000E+03	
3.70000000E+03	2.31200000E-02	1.77060000E-05	2.28460000E+03	
3.75000000E+03	2.35490000E-02	1.78680000E-05	2.36410000E+03	
3.80000000E+03	2.39980000E-02	1.80340000E-05	2.45030000E+03	
3.85000000E+03	2.44670000E-02	1.82070000E-05	2.54400000E+03	
3.90000000E+03	2.49600000E-02	1.83870000E-05	2.64630000E+03	
3.95000000E+03	2.54770000E-02	1.85740000E-05	2.75850000E+03	
4.00000000E+03	2.60230000E-02	1.87680000E-05	2.88210000E+03	
4.05000000E+03	2.65990000E-02	1.89720000E-05	3.01890000E+03	
4.10000000E+03	2.72110000E-02	1.91840000E-05	3.17120000E+03	
4.15000000E+03	2.78610000E-02	1.94080000E-05	3.34190000E+03	
4.20000000E+03	2.85550000E-02	1.96420000E-05	3.53440000E+03	
4.25000000E+03	2.92990000E-02	1.98900000E-05	3.75320000E+03	
4.30000000E+03	3.01010000E-02	2.01520000E-05	4.00430000E+03	
4.35000000E+03	3.09710000E-02	2.04300000E-05	4.29530000E+03	
4.40000000E+03	3.19210000E-02	2.07270000E-05	4.63650000E+03	
4.45000000E+03	3.29670000E-02	2.10450000E-05	5.04210000E+03	
4.50000000E+03	3.41290000E-02	2.13880000E-05	5.53220000E+03	
4.55000000E+03	3.54370000E-02	2.17620000E-05	6.13620000E+03	
4.60000000E+03	3.69320000E-02	2.21710000E-05	6.89870000E+03	
4.65000000E+03	3.86740000E-02	2.26250000E-05	7.89110000E+03	
4.70000000E+03	4.07550000E-02	2.31360000E-05	9.23470000E+03	
4.75000000E+03	4.33310000E-02	2.37230000E-05	1.11540000E+04	
4.80000000E+03	4.66890000E-02	2.44150000E-05	1.41170000E+04