1	423993.423401	607.626964	2163.517130
4	1	28.300000	27.300000	0.483000	3470.000000	1.109100	2.610000	1.0	1.0
4	1	28.300000	27.300000	0.483000	3470.000000	1.109100	2.871000	1.0	1.0
4	1	28.300000	27.300000	0.483000	3470.000000	1.109100	3.132000	1.0	1.0
4	1	28.300000	27.300000	0.483000	3470.000000	1.109100	3.393000	1.0	1.0
4	1	28.300000	27.300000	0.483000	3470.000000	1.109100	3.654000	1.0	1.0
4	1	28.300000	27.300000	0.483000	3470.000000	1.109100	3.915000	1.0	1.0
1	423993.423401	607.626964	2163.517130
4	1	28.300000	27.300000	0.483000	3470.000000	1.109100	2.349000	1.0	1.0
4	1	28.300000	27.300000	0.483000	3470.000000	1.109100	2.088000	1.0	1.0
4	1	28.300000	27.300000	0.483000	3470.000000	1.109100	1.827000	1.0	1.0
4	1	28.300000	27.300000	0.483000	3470.000000	1.109100	1.566000	1.0	1.0
4	1	28.300000	27.300000	0.483000	3470.000000	1.109100	1.305000	1.0	1.0
4	1	28.300000	27.300000	0.483000	3470.000000	1.109100	1.044000	1.0	1.0
4	1	28.300000	27.300000	0.483000	3470.000000	1.109100	0.783000	1.0	1.0
4	1	28.300000	27.300000	0.483000	3470.000000	1.109100	0.522000	1.0	1.0
4	1	28.300000	27.300000	0.483000	3470.000000	1.109100	0.261000	1.0	1.0
