1	423993.423401	607.626964	2163.517130
4	1	28.300000	27.222222	0.516374	3470.000000	1.109100	2.610000	1.0	1.0
4	1	28.300000	28.333333	0.527022	3470.000000	1.109100	2.610000	1.0	1.0
4	1	28.300000	29.444444	0.537067	3470.000000	1.109100	2.610000	1.0	1.0
4	1	28.300000	30.555556	0.546570	3470.000000	1.109100	2.610000	1.0	1.0
4	1	28.300000	31.666667	0.555579	3470.000000	1.109100	2.610000	1.0	1.0
1	423993.423401	607.626964	2163.517130
4	1	28.300000	26.111111	0.505079	3470.000000	1.109100	2.610000	1.0	1.0
4	1	28.300000	25.000000	0.493094	3470.000000	1.109100	2.610000	1.0	1.0
4	1	28.300000	23.888889	0.480370	3470.000000	1.109100	2.610000	1.0	1.0
4	1	28.300000	22.777778	0.466819	3470.000000	1.109100	2.610000	1.0	1.0
4	1	28.300000	21.666667	0.452384	3470.000000	1.109100	2.610000	1.0	1.0
4	1	28.300000	20.555556	0.437009	3470.000000	1.109100	2.610000	1.0	1.0
4	1	28.300000	19.444444	0.420594	3470.000000	1.109100	2.610000	1.0	1.0
4	1	28.300000	18.333333	0.403015	3470.000000	1.109100	2.610000	1.0	1.0
