2.339700000E+00	1.582800000E-01	1.350100000E-03	1.294300000E+03	2.802000000E-02
2.565000000E+00	1.576600000E-01	1.311700000E-03	1.292800000E+03	2.783100000E-02
2.808600000E+00	1.570400000E-01	1.275000000E-03	1.291400000E+03	2.764300000E-02
3.071600000E+00	1.564200000E-01	1.239800000E-03	1.290100000E+03	2.745500000E-02
3.355400000E+00	1.558100000E-01	1.206100000E-03	1.288900000E+03	2.726700000E-02
3.661100000E+00	1.551900000E-01	1.173700000E-03	1.287900000E+03	2.707900000E-02
3.990100000E+00	1.545800000E-01	1.142700000E-03	1.286900000E+03	2.689200000E-02
4.343900000E+00	1.539600000E-01	1.112800000E-03	1.286000000E+03	2.670500000E-02
4.723900000E+00	1.533500000E-01	1.084200000E-03	1.285200000E+03	2.651800000E-02
5.131700000E+00	1.527300000E-01	1.056600000E-03	1.284500000E+03	2.633200000E-02
5.568800000E+00	1.521200000E-01	1.030000000E-03	1.283900000E+03	2.614500000E-02
6.036900000E+00	1.515100000E-01	1.004400000E-03	1.283300000E+03	2.595900000E-02
6.537700000E+00	1.509000000E-01	9.797900000E-04	1.282800000E+03	2.577400000E-02
7.073000000E+00	1.502800000E-01	9.560300000E-04	1.282400000E+03	2.558800000E-02
7.644600000E+00	1.496700000E-01	9.331100000E-04	1.282100000E+03	2.540300000E-02
8.254500000E+00	1.490600000E-01	9.109900000E-04	1.281800000E+03	2.521800000E-02
8.904600000E+00	1.484500000E-01	8.896300000E-04	1.281600000E+03	2.503300000E-02
9.597100000E+00	1.478500000E-01	8.690000000E-04	1.281500000E+03	2.484900000E-02
1.033400000E+01	1.472400000E-01	8.490600000E-04	1.281400000E+03	2.466500000E-02
1.111700000E+01	1.466300000E-01	8.297900000E-04	1.281400000E+03	2.448100000E-02
1.195000000E+01	1.460300000E-01	8.111500000E-04	1.281500000E+03	2.429800000E-02
1.283300000E+01	1.454200000E-01	7.931100000E-04	1.281600000E+03	2.411400000E-02
1.377000000E+01	1.448200000E-01	7.756500000E-04	1.281700000E+03	2.393200000E-02
1.476300000E+01	1.442200000E-01	7.587500000E-04	1.281900000E+03	2.374900000E-02
1.581500000E+01	1.436100000E-01	7.423800000E-04	1.282200000E+03	2.356600000E-02
1.692800000E+01	1.430100000E-01	7.265100000E-04	1.282500000E+03	2.338400000E-02
1.810500000E+01	1.424100000E-01	7.111400000E-04	1.282900000E+03	2.320300000E-02
1.934900000E+01	1.418100000E-01	6.962300000E-04	1.283300000E+03	2.302100000E-02
2.066200000E+01	1.412100000E-01	6.817700000E-04	1.283700000E+03	2.284000000E-02
2.204800000E+01	1.406100000E-01	6.677400000E-04	1.284200000E+03	2.265900000E-02
2.350900000E+01	1.400100000E-01	6.541300000E-04	1.284700000E+03	2.247800000E-02
2.504800000E+01	1.394100000E-01	6.409100000E-04	1.285300000E+03	2.229800000E-02
2.666900000E+01	1.388100000E-01	6.280800000E-04	1.285900000E+03	2.211800000E-02
2.837500000E+01	1.382100000E-01	6.156100000E-04	1.286600000E+03	2.193800000E-02
3.017000000E+01	1.376200000E-01	6.035000000E-04	1.287300000E+03	2.175900000E-02
3.205500000E+01	1.370200000E-01	5.917300000E-04	1.288100000E+03	2.157900000E-02
3.403600000E+01	1.364300000E-01	5.802800000E-04	1.288800000E+03	2.140100000E-02
3.611500000E+01	1.358300000E-01	5.691600000E-04	1.289700000E+03	2.122200000E-02
3.829600000E+01	1.352400000E-01	5.583400000E-04	1.290500000E+03	2.104400000E-02
4.058300000E+01	1.346500000E-01	5.478100000E-04	1.291400000E+03	2.086600000E-02
4.297900000E+01	1.340600000E-01	5.375600000E-04	1.292300000E+03	2.068800000E-02
4.548800000E+01	1.334600000E-01	5.275900000E-04	1.293300000E+03	2.051100000E-02
4.811500000E+01	1.328700000E-01	5.178800000E-04	1.294300000E+03	2.033400000E-02
5.086200000E+01	1.322900000E-01	5.084300000E-04	1.295300000E+03	2.015700000E-02
5.373500000E+01	1.317000000E-01	4.992200000E-04	1.296400000E+03	1.998100000E-02
5.673700000E+01	1.311100000E-01	4.902500000E-04	1.297500000E+03	1.980500000E-02
5.987200000E+01	1.305200000E-01	4.815100000E-04	1.298700000E+03	1.962900000E-02
6.314400000E+01	1.299400000E-01	4.729900000E-04	1.299800000E+03	1.945300000E-02
6.655900000E+01	1.293500000E-01	4.646800000E-04	1.301000000E+03	1.927800000E-02
7.011900000E+01	1.287700000E-01	4.565800000E-04	1.302300000E+03	1.910300000E-02
7.383100000E+01	1.281900000E-01	4.486800000E-04	1.303600000E+03	1.892900000E-02
7.769700000E+01	1.276000000E-01	4.409800000E-04	1.304900000E+03	1.875500000E-02
8.172300000E+01	1.270200000E-01	4.334600000E-04	1.306200000E+03	1.858100000E-02
8.591400000E+01	1.264400000E-01	4.261200000E-04	1.307600000E+03	1.840700000E-02
9.027400000E+01	1.258600000E-01	4.189600000E-04	1.309000000E+03	1.823400000E-02
9.480800000E+01	1.252800000E-01	4.119700000E-04	1.310400000E+03	1.806100000E-02
9.952000000E+01	1.247100000E-01	4.051400000E-04	1.311900000E+03	1.788900000E-02
1.044200000E+02	1.241300000E-01	3.984700000E-04	1.313400000E+03	1.771700000E-02
1.095000000E+02	1.235600000E-01	3.919600000E-04	1.315000000E+03	1.754500000E-02
1.147800000E+02	1.229800000E-01	3.856000000E-04	1.316500000E+03	1.737400000E-02
1.202600000E+02	1.224100000E-01	3.793800000E-04	1.318200000E+03	1.720200000E-02
1.259400000E+02	1.218400000E-01	3.733000000E-04	1.319800000E+03	1.703200000E-02
1.318300000E+02	1.212600000E-01	3.673600000E-04	1.321500000E+03	1.686100000E-02
1.379300000E+02	1.206900000E-01	3.615500000E-04	1.323200000E+03	1.669100000E-02
1.442600000E+02	1.201300000E-01	3.558700000E-04	1.324900000E+03	1.652100000E-02
1.508100000E+02	1.195600000E-01	3.503100000E-04	1.326700000E+03	1.635200000E-02
1.575900000E+02	1.189900000E-01	3.448700000E-04	1.328500000E+03	1.618300000E-02
1.646100000E+02	1.184200000E-01	3.395500000E-04	1.330400000E+03	1.601400000E-02
1.718600000E+02	1.178600000E-01	3.343500000E-04	1.332300000E+03	1.584600000E-02
1.793700000E+02	1.173000000E-01	3.292500000E-04	1.334200000E+03	1.567800000E-02
1.871300000E+02	1.167300000E-01	3.242600000E-04	1.336200000E+03	1.551000000E-02
1.951500000E+02	1.161700000E-01	3.193800000E-04	1.338200000E+03	1.534300000E-02
2.034300000E+02	1.156100000E-01	3.145900000E-04	1.340200000E+03	1.517600000E-02
2.119800000E+02	1.150500000E-01	3.099100000E-04	1.342300000E+03	1.501000000E-02
2.208100000E+02	1.144900000E-01	3.053200000E-04	1.344400000E+03	1.484400000E-02
2.299200000E+02	1.139400000E-01	3.008200000E-04	1.346600000E+03	1.467800000E-02
2.393200000E+02	1.133800000E-01	2.964100000E-04	1.348800000E+03	1.451200000E-02
2.490200000E+02	1.128200000E-01	2.920900000E-04	1.351000000E+03	1.434700000E-02
2.590100000E+02	1.122700000E-01	2.878600000E-04	1.353300000E+03	1.418300000E-02
2.693200000E+02	1.117200000E-01	2.837000000E-04	1.355600000E+03	1.401900000E-02
2.799300000E+02	1.111700000E-01	2.796300000E-04	1.358000000E+03	1.385500000E-02
2.908600000E+02	1.106200000E-01	2.756400000E-04	1.360400000E+03	1.369100000E-02
3.021200000E+02	1.100700000E-01	2.717200000E-04	1.362900000E+03	1.352800000E-02
3.137100000E+02	1.095200000E-01	2.678700000E-04	1.365400000E+03	1.336600000E-02
3.256400000E+02	1.089700000E-01	2.641000000E-04	1.367900000E+03	1.320300000E-02
3.379200000E+02	1.084200000E-01	2.604000000E-04	1.370600000E+03	1.304200000E-02
3.505400000E+02	1.078800000E-01	2.567600000E-04	1.373200000E+03	1.288000000E-02
3.635200000E+02	1.073400000E-01	2.532000000E-04	1.375900000E+03	1.271900000E-02
3.768700000E+02	1.067900000E-01	2.496900000E-04	1.378700000E+03	1.255900000E-02
3.905900000E+02	1.062500000E-01	2.462500000E-04	1.381500000E+03	1.239800000E-02
4.046800000E+02	1.057100000E-01	2.428700000E-04	1.384300000E+03	1.223900000E-02
4.191600000E+02	1.051700000E-01	2.395500000E-04	1.387300000E+03	1.207900000E-02
4.340300000E+02	1.046300000E-01	2.362900000E-04	1.390200000E+03	1.192000000E-02
4.492900000E+02	1.041000000E-01	2.330800000E-04	1.393300000E+03	1.176200000E-02
4.649600000E+02	1.035600000E-01	2.299300000E-04	1.396400000E+03	1.160400000E-02
4.810500000E+02	1.030200000E-01	2.268300000E-04	1.399500000E+03	1.144600000E-02
4.975500000E+02	1.024900000E-01	2.237800000E-04	1.402700000E+03	1.128900000E-02
5.144700000E+02	1.019600000E-01	2.207900000E-04	1.406000000E+03	1.113200000E-02
5.318300000E+02	1.014300000E-01	2.178400000E-04	1.409400000E+03	1.097600000E-02
5.496300000E+02	1.009000000E-01	2.149400000E-04	1.412800000E+03	1.082000000E-02
5.678700000E+02	1.003700000E-01	2.120900000E-04	1.416300000E+03	1.066400000E-02
5.865700000E+02	9.983700000E-02	2.092800000E-04	1.419800000E+03	1.050900000E-02
6.057200000E+02	9.930900000E-02	2.065200000E-04	1.423500000E+03	1.035500000E-02
6.253500000E+02	9.878300000E-02	2.038000000E-04	1.427200000E+03	1.020100000E-02
6.454400000E+02	9.825700000E-02	2.011200000E-04	1.431000000E+03	1.004700000E-02
6.660200000E+02	9.773300000E-02	1.984800000E-04	1.434900000E+03	9.894200000E-03
6.870900000E+02	9.720900000E-02	1.958900000E-04	1.438800000E+03	9.741600000E-03
7.086600000E+02	9.668700000E-02	1.933300000E-04	1.442900000E+03	9.589500000E-03
7.307300000E+02	9.616500000E-02	1.908100000E-04	1.447000000E+03	9.437800000E-03
7.533100000E+02	9.564400000E-02	1.883300000E-04	1.451300000E+03	9.286600000E-03
7.764100000E+02	9.512500000E-02	1.858800000E-04	1.455600000E+03	9.136000000E-03
8.000400000E+02	9.460600000E-02	1.834700000E-04	1.460100000E+03	8.985800000E-03
8.242000000E+02	9.408800000E-02	1.810900000E-04	1.464600000E+03	8.836100000E-03
8.489000000E+02	9.357100000E-02	1.787400000E-04	1.469200000E+03	8.686900000E-03
8.741500000E+02	9.305500000E-02	1.764300000E-04	1.474000000E+03	8.538300000E-03
8.999500000E+02	9.254000000E-02	1.741500000E-04	1.478900000E+03	8.390200000E-03
9.263200000E+02	9.202600000E-02	1.719000000E-04	1.483900000E+03	8.242600000E-03
9.532600000E+02	9.151300000E-02	1.696800000E-04	1.489000000E+03	8.095500000E-03
9.807900000E+02	9.100000000E-02	1.674900000E-04	1.494200000E+03	7.949000000E-03
1.008900000E+03	9.048800000E-02	1.653200000E-04	1.499600000E+03	7.803000000E-03
1.037600000E+03	8.997700000E-02	1.631900000E-04	1.505100000E+03	7.657500000E-03
1.066900000E+03	8.946700000E-02	1.610800000E-04	1.510800000E+03	7.512600000E-03
1.096800000E+03	8.895800000E-02	1.590000000E-04	1.516600000E+03	7.368300000E-03
1.127400000E+03	8.844900000E-02	1.569400000E-04	1.522600000E+03	7.224600000E-03
1.158500000E+03	8.794100000E-02	1.549100000E-04	1.528700000E+03	7.081400000E-03
1.190300000E+03	8.743400000E-02	1.529000000E-04	1.535000000E+03	6.938800000E-03
1.222800000E+03	8.692700000E-02	1.509100000E-04	1.541500000E+03	6.796700000E-03
1.255900000E+03	8.642200000E-02	1.489500000E-04	1.548200000E+03	6.655300000E-03
1.289600000E+03	8.591600000E-02	1.470100000E-04	1.555100000E+03	6.514500000E-03
1.324000000E+03	8.541200000E-02	1.450900000E-04	1.562100000E+03	6.374300000E-03
1.359100000E+03	8.490800000E-02	1.432000000E-04	1.569400000E+03	6.234700000E-03
1.394900000E+03	8.440400000E-02	1.413200000E-04	1.576900000E+03	6.095700000E-03
1.431400000E+03	8.390100000E-02	1.394600000E-04	1.584700000E+03	5.957400000E-03
1.468500000E+03	8.339900000E-02	1.376200000E-04	1.592700000E+03	5.819700000E-03
1.506400000E+03	8.289700000E-02	1.358000000E-04	1.601000000E+03	5.682600000E-03
1.545000000E+03	8.239600000E-02	1.340000000E-04	1.609500000E+03	5.546300000E-03
1.584300000E+03	8.189500000E-02	1.322200000E-04	1.618300000E+03	5.410600000E-03
1.624400000E+03	8.139500000E-02	1.304500000E-04	1.627500000E+03	5.275500000E-03
1.665200000E+03	8.089400000E-02	1.287000000E-04	1.637000000E+03	5.141200000E-03
1.706700000E+03	8.039500000E-02	1.269600000E-04	1.646800000E+03	5.007600000E-03
1.749000000E+03	7.989600000E-02	1.252400000E-04	1.656900000E+03	4.874600000E-03
1.792100000E+03	7.939700000E-02	1.235400000E-04	1.667500000E+03	4.742400000E-03
1.836000000E+03	7.889800000E-02	1.218500000E-04	1.678500000E+03	4.611000000E-03
1.880600000E+03	7.840000000E-02	1.201700000E-04	1.689900000E+03	4.480300000E-03
1.926100000E+03	7.790200000E-02	1.185000000E-04	1.701800000E+03	4.350300000E-03
1.972300000E+03	7.740400000E-02	1.168500000E-04	1.714300000E+03	4.221100000E-03
2.019400000E+03	7.690600000E-02	1.152100000E-04	1.727200000E+03	4.092700000E-03
2.067300000E+03	7.640900000E-02	1.135900000E-04	1.740800000E+03	3.965200000E-03
2.116000000E+03	7.591200000E-02	1.119700000E-04	1.754900000E+03	3.838400000E-03
2.165600000E+03	7.541500000E-02	1.103600000E-04	1.769800000E+03	3.712500000E-03
2.216000000E+03	7.491800000E-02	1.087600000E-04	1.785400000E+03	3.587400000E-03
2.267300000E+03	7.442200000E-02	1.071800000E-04	1.801800000E+03	3.463200000E-03
2.319400000E+03	7.392500000E-02	1.056000000E-04	1.819100000E+03	3.339900000E-03
2.372500000E+03	7.342900000E-02	1.040300000E-04	1.837300000E+03	3.217500000E-03
2.426400000E+03	7.293200000E-02	1.024600000E-04	1.856500000E+03	3.096000000E-03
2.481200000E+03	7.243600000E-02	1.009000000E-04	1.877000000E+03	2.975500000E-03
2.537000000E+03	7.194000000E-02	9.935200000E-05	1.898600000E+03	2.855900000E-03
2.593600000E+03	7.144500000E-02	9.780500000E-05	1.921700000E+03	2.737300000E-03
2.651200000E+03	7.094900000E-02	9.626300000E-05	1.946300000E+03	2.619800000E-03
2.709800000E+03	7.045400000E-02	9.472300000E-05	1.972600000E+03	2.503300000E-03
2.769200000E+03	6.995900000E-02	9.318600000E-05	2.000900000E+03	2.387900000E-03
2.829700000E+03	6.946400000E-02	9.165100000E-05	2.031300000E+03	2.273600000E-03
2.891100000E+03	6.897000000E-02	9.011500000E-05	2.064100000E+03	2.160500000E-03
2.953500000E+03	6.847700000E-02	8.857900000E-05	2.099700000E+03	2.048500000E-03
3.017000000E+03	6.798400000E-02	8.704000000E-05	2.138500000E+03	1.937700000E-03
3.081400000E+03	6.749300000E-02	8.549700000E-05	2.180900000E+03	1.828200000E-03
3.146800000E+03	6.700300000E-02	8.394800000E-05	2.227400000E+03	1.720000000E-03
3.213300000E+03	6.651600000E-02	8.239200000E-05	2.278800000E+03	1.613200000E-03
3.280800000E+03	6.603100000E-02	8.082700000E-05	2.335900000E+03	1.507800000E-03
3.349300000E+03	6.555000000E-02	7.924900000E-05	2.399600000E+03	1.403800000E-03
3.418900000E+03	6.507400000E-02	7.765700000E-05	2.471400000E+03	1.301300000E-03
3.489600000E+03	6.460400000E-02	7.604700000E-05	2.552700000E+03	1.200500000E-03
3.561300000E+03	6.414300000E-02	7.441600000E-05	2.645800000E+03	1.101300000E-03
3.634100000E+03	6.369400000E-02	7.275800000E-05	2.753400000E+03	1.003900000E-03
3.708000000E+03	6.325900000E-02	7.107000000E-05	2.879100000E+03	9.084000000E-04
3.783000000E+03	6.284600000E-02	6.934300000E-05	3.028000000E+03	8.148500000E-04
3.859100000E+03	6.246200000E-02	6.757200000E-05	3.207200000E+03	7.234100000E-04
3.936200000E+03	6.211800000E-02	6.574500000E-05	3.427000000E+03	6.342600000E-04
4.014400000E+03	6.182900000E-02	6.385000000E-05	3.702600000E+03	5.475600000E-04
4.093600000E+03	6.161600000E-02	6.187100000E-05	4.058400000E+03	4.635500000E-04
4.173800000E+03	6.151100000E-02	5.978200000E-05	4.534700000E+03	3.825200000E-04