1.067100000E+00	-1.000000000E+02	3.515600000E+05	1.562300000E+01	2.080000000E+03	3.348900000E+05	6.401000000E-02
1.184200000E+00	-9.900000000E+01	3.521600000E+05	1.415700000E+01	2.073400000E+03	3.353900000E+05	7.063500000E-02
1.312200000E+00	-9.800000000E+01	3.527500000E+05	1.284800000E+01	2.066900000E+03	3.358900000E+05	7.783600000E-02
1.452000000E+00	-9.700000000E+01	3.533500000E+05	1.167500000E+01	2.060600000E+03	3.363900000E+05	8.565200000E-02
1.604400000E+00	-9.600000000E+01	3.539400000E+05	1.062400000E+01	2.054300000E+03	3.369000000E+05	9.412500000E-02
1.770400000E+00	-9.500000000E+01	3.545400000E+05	9.680700000E+00	2.048200000E+03	3.374000000E+05	1.033000000E-01
1.951000000E+00	-9.400000000E+01	3.551400000E+05	8.832500000E+00	2.042200000E+03	3.379100000E+05	1.132200000E-01
2.147100000E+00	-9.300000000E+01	3.557400000E+05	8.069000000E+00	2.036400000E+03	3.384200000E+05	1.239300000E-01
2.359900000E+00	-9.200000000E+01	3.563400000E+05	7.380800000E+00	2.030600000E+03	3.389200000E+05	1.354900000E-01
2.590500000E+00	-9.100000000E+01	3.569500000E+05	6.759500000E+00	2.025000000E+03	3.394300000E+05	1.479400000E-01
2.840000000E+00	-9.000000000E+01	3.575500000E+05	6.198100000E+00	2.019400000E+03	3.399400000E+05	1.613400000E-01
3.109800000E+00	-8.900000000E+01	3.581500000E+05	5.690000000E+00	2.014000000E+03	3.404600000E+05	1.757500000E-01
3.401100000E+00	-8.800000000E+01	3.587600000E+05	5.229600000E+00	2.008700000E+03	3.409700000E+05	1.912200000E-01
3.715300000E+00	-8.700000000E+01	3.593600000E+05	4.812000000E+00	2.003400000E+03	3.414800000E+05	2.078200000E-01
4.053800000E+00	-8.600000000E+01	3.599700000E+05	4.432600000E+00	1.998300000E+03	3.420000000E+05	2.256000000E-01
4.418200000E+00	-8.500000000E+01	3.605700000E+05	4.087700000E+00	1.993300000E+03	3.425100000E+05	2.446400000E-01
4.809900000E+00	-8.400000000E+01	3.611800000E+05	3.773600000E+00	1.988300000E+03	3.430300000E+05	2.650000000E-01
5.230600000E+00	-8.300000000E+01	3.617900000E+05	3.487400000E+00	1.983500000E+03	3.435500000E+05	2.867500000E-01
5.682000000E+00	-8.200000000E+01	3.624000000E+05	3.226200000E+00	1.978700000E+03	3.440600000E+05	3.099600000E-01
6.165800000E+00	-8.100000000E+01	3.630000000E+05	2.987600000E+00	1.974100000E+03	3.445800000E+05	3.347200000E-01
6.683900000E+00	-8.000000000E+01	3.636100000E+05	2.769400000E+00	1.969500000E+03	3.451000000E+05	3.610900000E-01
7.238100000E+00	-7.900000000E+01	3.642200000E+05	2.569700000E+00	1.965000000E+03	3.456200000E+05	3.891500000E-01
7.830400000E+00	-7.800000000E+01	3.648300000E+05	2.386600000E+00	1.960600000E+03	3.461400000E+05	4.190000000E-01
8.462900000E+00	-7.700000000E+01	3.654400000E+05	2.218700000E+00	1.956300000E+03	3.466600000E+05	4.507100000E-01
9.137600000E+00	-7.600000000E+01	3.660500000E+05	2.064500000E+00	1.952100000E+03	3.471900000E+05	4.843700000E-01
9.856700000E+00	-7.500000000E+01	3.666600000E+05	1.922800000E+00	1.947900000E+03	3.477100000E+05	5.200800000E-01
1.062200000E+01	-7.400000000E+01	3.672700000E+05	1.792400000E+00	1.943800000E+03	3.482300000E+05	5.579200000E-01
1.143700000E+01	-7.300000000E+01	3.678800000E+05	1.672300000E+00	1.939800000E+03	3.487600000E+05	5.979900000E-01
1.230300000E+01	-7.200000000E+01	3.684900000E+05	1.561600000E+00	1.935900000E+03	3.492800000E+05	6.403900000E-01
1.322300000E+01	-7.100000000E+01	3.691000000E+05	1.459400000E+00	1.932000000E+03	3.498000000E+05	6.852100000E-01
1.420000000E+01	-7.000000000E+01	3.697100000E+05	1.365100000E+00	1.928200000E+03	3.503300000E+05	7.325700000E-01
1.523700000E+01	-6.900000000E+01	3.703300000E+05	1.277900000E+00	1.924500000E+03	3.508600000E+05	7.825600000E-01
1.633400000E+01	-6.800000000E+01	3.709400000E+05	1.197200000E+00	1.920900000E+03	3.513800000E+05	8.353000000E-01
1.749600000E+01	-6.700000000E+01	3.715500000E+05	1.122500000E+00	1.917300000E+03	3.519100000E+05	8.909000000E-01
1.872500000E+01	-6.600000000E+01	3.721600000E+05	1.053200000E+00	1.913800000E+03	3.524300000E+05	9.494700000E-01
2.002500000E+01	-6.500000000E+01	3.727700000E+05	9.889900000E-01	1.910300000E+03	3.529600000E+05	1.011100000E+00
2.139900000E+01	-6.400000000E+01	3.733700000E+05	9.293700000E-01	1.906900000E+03	3.534900000E+05	1.076000000E+00
2.284800000E+01	-6.300000000E+01	3.739800000E+05	8.739800000E-01	1.903600000E+03	3.540100000E+05	1.144200000E+00
2.437800000E+01	-6.200000000E+01	3.745900000E+05	8.224800000E-01	1.900300000E+03	3.545400000E+05	1.215800000E+00
2.599000000E+01	-6.100000000E+01	3.752000000E+05	7.745600000E-01	1.897100000E+03	3.550700000E+05	1.291100000E+00
2.768900000E+01	-6.000000000E+01	3.758100000E+05	7.299300000E-01	1.894000000E+03	3.556000000E+05	1.370000000E+00
2.947800000E+01	-5.900000000E+01	3.764100000E+05	6.883400000E-01	1.890900000E+03	3.561200000E+05	1.452800000E+00
3.136000000E+01	-5.800000000E+01	3.770200000E+05	6.495400000E-01	1.887800000E+03	3.566500000E+05	1.539500000E+00
3.333800000E+01	-5.700000000E+01	3.776300000E+05	6.133400000E-01	1.884900000E+03	3.571800000E+05	1.630400000E+00
3.541800000E+01	-5.600000000E+01	3.782300000E+05	5.795200000E-01	1.881900000E+03	3.577100000E+05	1.725600000E+00
3.760100000E+01	-5.500000000E+01	3.788400000E+05	5.479100000E-01	1.879100000E+03	3.582300000E+05	1.825100000E+00
3.989300000E+01	-5.400000000E+01	3.794400000E+05	5.183500000E-01	1.876200000E+03	3.587600000E+05	1.929200000E+00
4.229700000E+01	-5.300000000E+01	3.800400000E+05	4.906800000E-01	1.873500000E+03	3.592900000E+05	2.038000000E+00
4.481700000E+01	-5.200000000E+01	3.806400000E+05	4.647600000E-01	1.870700000E+03	3.598200000E+05	2.151700000E+00
4.745700000E+01	-5.100000000E+01	3.812500000E+05	4.404700000E-01	1.868100000E+03	3.603400000E+05	2.270300000E+00
5.022100000E+01	-5.000000000E+01	3.818500000E+05	4.176900000E-01	1.865400000E+03	3.608700000E+05	2.394100000E+00
5.311400000E+01	-4.900000000E+01	3.824400000E+05	3.963100000E-01	1.862800000E+03	3.613900000E+05	2.523300000E+00
5.613900000E+01	-4.800000000E+01	3.830400000E+05	3.762300000E-01	1.860300000E+03	3.619200000E+05	2.657900000E+00
5.930200000E+01	-4.700000000E+01	3.836400000E+05	3.573600000E-01	1.857800000E+03	3.624500000E+05	2.798300000E+00
6.260600000E+01	-4.600000000E+01	3.842300000E+05	3.396300000E-01	1.855400000E+03	3.629700000E+05	2.944400000E+00
6.605700000E+01	-4.500000000E+01	3.848300000E+05	3.229400000E-01	1.852900000E+03	3.635000000E+05	3.096600000E+00
6.965800000E+01	-4.400000000E+01	3.854200000E+05	3.072300000E-01	1.850600000E+03	3.640200000E+05	3.254900000E+00
7.341500000E+01	-4.300000000E+01	3.860100000E+05	2.924300000E-01	1.848300000E+03	3.645400000E+05	3.419600000E+00
7.733200000E+01	-4.200000000E+01	3.866000000E+05	2.784900000E-01	1.846000000E+03	3.650700000E+05	3.590800000E+00
8.141500000E+01	-4.100000000E+01	3.871900000E+05	2.653400000E-01	1.843700000E+03	3.655900000E+05	3.768800000E+00
8.566800000E+01	-4.000000000E+01	3.877800000E+05	2.529300000E-01	1.841500000E+03	3.661100000E+05	3.953700000E+00
9.009500000E+01	-3.900000000E+01	3.883700000E+05	2.412100000E-01	1.839300000E+03	3.666300000E+05	4.145700000E+00
9.470300000E+01	-3.800000000E+01	3.889500000E+05	2.301500000E-01	1.837200000E+03	3.671600000E+05	4.345000000E+00
9.949700000E+01	-3.700000000E+01	3.895300000E+05	2.196900000E-01	1.835100000E+03	3.676800000E+05	4.551900000E+00
1.044800000E+02	-3.600000000E+01	3.901200000E+05	2.098000000E-01	1.833000000E+03	3.681900000E+05	4.766400000E+00
1.096600000E+02	-3.500000000E+01	3.906900000E+05	2.004400000E-01	1.831000000E+03	3.687100000E+05	4.988900000E+00
1.150400000E+02	-3.400000000E+01	3.912700000E+05	1.915900000E-01	1.829000000E+03	3.692300000E+05	5.219500000E+00
1.206300000E+02	-3.300000000E+01	3.918500000E+05	1.832000000E-01	1.827000000E+03	3.697500000E+05	5.458400000E+00
1.264300000E+02	-3.200000000E+01	3.924200000E+05	1.752600000E-01	1.825100000E+03	3.702700000E+05	5.705900000E+00
1.324500000E+02	-3.100000000E+01	3.930000000E+05	1.677200000E-01	1.823200000E+03	3.707800000E+05	5.962200000E+00
1.386900000E+02	-3.000000000E+01	3.935700000E+05	1.605800000E-01	1.821300000E+03	3.713000000E+05	6.227500000E+00
1.451600000E+02	-2.900000000E+01	3.941300000E+05	1.538000000E-01	1.819500000E+03	3.718100000E+05	6.502100000E+00
1.518700000E+02	-2.800000000E+01	3.947000000E+05	1.473600000E-01	1.817700000E+03	3.723200000E+05	6.786100000E+00
1.588100000E+02	-2.700000000E+01	3.952600000E+05	1.412500000E-01	1.815900000E+03	3.728300000E+05	7.079800000E+00
1.660100000E+02	-2.600000000E+01	3.958300000E+05	1.354400000E-01	1.814200000E+03	3.733400000E+05	7.383500000E+00
1.734500000E+02	-2.500000000E+01	3.963900000E+05	1.299100000E-01	1.812400000E+03	3.738500000E+05	7.697400000E+00
1.811600000E+02	-2.400000000E+01	3.969400000E+05	1.246600000E-01	1.810700000E+03	3.743600000E+05	8.021700000E+00
1.891300000E+02	-2.300000000E+01	3.975000000E+05	1.196600000E-01	1.809100000E+03	3.748700000E+05	8.356700000E+00
1.973700000E+02	-2.200000000E+01	3.980500000E+05	1.149100000E-01	1.807400000E+03	3.753700000E+05	8.702700000E+00
2.058900000E+02	-2.100000000E+01	3.986000000E+05	1.103800000E-01	1.805800000E+03	3.758800000E+05	9.060000000E+00
2.146900000E+02	-2.000000000E+01	3.991500000E+05	1.060600000E-01	1.804200000E+03	3.763800000E+05	9.428700000E+00
2.237900000E+02	-1.900000000E+01	3.997000000E+05	1.019400000E-01	1.802600000E+03	3.768800000E+05	9.809200000E+00
2.331800000E+02	-1.800000000E+01	4.002400000E+05	9.802200000E-02	1.801100000E+03	3.773800000E+05	1.020200000E+01
2.428700000E+02	-1.700000000E+01	4.007800000E+05	9.428000000E-02	1.799500000E+03	3.778800000E+05	1.060700000E+01
2.528700000E+02	-1.600000000E+01	4.013200000E+05	9.070900000E-02	1.798000000E+03	3.783800000E+05	1.102400000E+01
2.631900000E+02	-1.500000000E+01	4.018500000E+05	8.730000000E-02	1.796500000E+03	3.788800000E+05	1.145500000E+01
2.738400000E+02	-1.400000000E+01	4.023900000E+05	8.404400000E-02	1.795100000E+03	3.793700000E+05	1.189900000E+01
2.848100000E+02	-1.300000000E+01	4.029200000E+05	8.093300000E-02	1.793600000E+03	3.798600000E+05	1.235600000E+01
2.961200000E+02	-1.200000000E+01	4.034400000E+05	7.796000000E-02	1.792200000E+03	3.803600000E+05	1.282700000E+01
3.077800000E+02	-1.100000000E+01	4.039700000E+05	7.511800000E-02	1.790800000E+03	3.808500000E+05	1.331200000E+01
3.197800000E+02	-1.000000000E+01	4.044900000E+05	7.239900000E-02	1.789400000E+03	3.813300000E+05	1.381200000E+01
3.321400000E+02	-9.000000000E+00	4.050000000E+05	6.979800000E-02	1.788000000E+03	3.818200000E+05	1.432700000E+01
3.448700000E+02	-8.000000000E+00	4.055200000E+05	6.730800000E-02	1.786700000E+03	3.823000000E+05	1.485700000E+01
3.579700000E+02	-7.000000000E+00	4.060300000E+05	6.492400000E-02	1.785300000E+03	3.827900000E+05	1.540300000E+01
3.714500000E+02	-6.000000000E+00	4.065300000E+05	6.264100000E-02	1.784000000E+03	3.832700000E+05	1.596400000E+01
3.853200000E+02	-5.000000000E+00	4.070400000E+05	6.045300000E-02	1.782700000E+03	3.837500000E+05	1.654200000E+01
3.995800000E+02	-4.000000000E+00	4.075400000E+05	5.835600000E-02	1.781400000E+03	3.842200000E+05	1.713600000E+01
4.142400000E+02	-3.000000000E+00	4.080400000E+05	5.634500000E-02	1.780100000E+03	3.847000000E+05	1.774800000E+01
4.293100000E+02	-2.000000000E+00	4.085300000E+05	5.441600000E-02	1.778900000E+03	3.851700000E+05	1.837700000E+01
4.448000000E+02	-1.000000000E+00	4.090200000E+05	5.256600000E-02	1.777600000E+03	3.856400000E+05	1.902400000E+01
4.607100000E+02	0.000000000E+00	4.095100000E+05	5.079000000E-02	1.776400000E+03	3.861100000E+05	1.968900000E+01
4.770600000E+02	1.000000000E+00	4.099900000E+05	4.908500000E-02	1.775200000E+03	3.865700000E+05	2.037300000E+01
4.938400000E+02	2.000000000E+00	4.104700000E+05	4.744800000E-02	1.774000000E+03	3.870300000E+05	2.107600000E+01
5.110700000E+02	3.000000000E+00	4.109400000E+05	4.587500000E-02	1.772800000E+03	3.874900000E+05	2.179800000E+01
5.287600000E+02	4.000000000E+00	4.114100000E+05	4.436300000E-02	1.771600000E+03	3.879500000E+05	2.254100000E+01
5.469100000E+02	5.000000000E+00	4.118800000E+05	4.291000000E-02	1.770400000E+03	3.884100000E+05	2.330400000E+01
5.655300000E+02	6.000000000E+00	4.123400000E+05	4.151300000E-02	1.769200000E+03	3.888600000E+05	2.408900000E+01
5.846300000E+02	7.000000000E+00	4.127900000E+05	4.016900000E-02	1.768100000E+03	3.893100000E+05	2.489500000E+01
6.042100000E+02	8.000000000E+00	4.132500000E+05	3.887600000E-02	1.766900000E+03	3.897600000E+05	2.572300000E+01
6.243000000E+02	9.000000000E+00	4.136900000E+05	3.763200000E-02	1.765800000E+03	3.902000000E+05	2.657300000E+01
6.448800000E+02	1.000000000E+01	4.141400000E+05	3.643400000E-02	1.764700000E+03	3.906400000E+05	2.744700000E+01
6.659800000E+02	1.100000000E+01	4.145800000E+05	3.528000000E-02	1.763600000E+03	3.910800000E+05	2.834500000E+01
6.876000000E+02	1.200000000E+01	4.150100000E+05	3.416900000E-02	1.762400000E+03	3.915200000E+05	2.926700000E+01
7.097500000E+02	1.300000000E+01	4.154400000E+05	3.309800000E-02	1.761300000E+03	3.919500000E+05	3.021300000E+01
7.324400000E+02	1.400000000E+01	4.158600000E+05	3.206600000E-02	1.760200000E+03	3.923700000E+05	3.118600000E+01
7.556700000E+02	1.500000000E+01	4.162800000E+05	3.107100000E-02	1.759100000E+03	3.928000000E+05	3.218400000E+01
7.794600000E+02	1.600000000E+01	4.166900000E+05	3.011200000E-02	1.758000000E+03	3.932200000E+05	3.321000000E+01
8.038100000E+02	1.700000000E+01	4.171000000E+05	2.918600000E-02	1.757000000E+03	3.936400000E+05	3.426300000E+01
8.287300000E+02	1.800000000E+01	4.175000000E+05	2.829300000E-02	1.755900000E+03	3.940500000E+05	3.534400000E+01
8.542400000E+02	1.900000000E+01	4.178900000E+05	2.743200000E-02	1.754800000E+03	3.944600000E+05	3.645400000E+01
8.803400000E+02	2.000000000E+01	4.182800000E+05	2.660000000E-02	1.753700000E+03	3.948700000E+05	3.759400000E+01
9.070400000E+02	2.100000000E+01	4.186700000E+05	2.579700000E-02	1.752600000E+03	3.952700000E+05	3.876500000E+01
9.343500000E+02	2.200000000E+01	4.190400000E+05	2.502100000E-02	1.751600000E+03	3.956600000E+05	3.996700000E+01
9.622700000E+02	2.300000000E+01	4.194100000E+05	2.427100000E-02	1.750500000E+03	3.960600000E+05	4.120100000E+01
9.908300000E+02	2.400000000E+01	4.197700000E+05	2.354700000E-02	1.749400000E+03	3.964400000E+05	4.246900000E+01
1.020000000E+03	2.500000000E+01	4.201300000E+05	2.284700000E-02	1.748300000E+03	3.968300000E+05	4.377000000E+01
1.049900000E+03	2.600000000E+01	4.204800000E+05	2.217000000E-02	1.747200000E+03	3.972000000E+05	4.510700000E+01
1.080400000E+03	2.700000000E+01	4.208200000E+05	2.151500000E-02	1.746200000E+03	3.975800000E+05	4.647900000E+01
1.111500000E+03	2.800000000E+01	4.211600000E+05	2.088200000E-02	1.745100000E+03	3.979500000E+05	4.788900000E+01
1.143400000E+03	2.900000000E+01	4.214800000E+05	2.026900000E-02	1.744000000E+03	3.983100000E+05	4.933700000E+01
1.175900000E+03	3.000000000E+01	4.218000000E+05	1.967600000E-02	1.742900000E+03	3.986600000E+05	5.082400000E+01
1.209100000E+03	3.100000000E+01	4.221100000E+05	1.910200000E-02	1.741800000E+03	3.990200000E+05	5.235200000E+01
1.243100000E+03	3.200000000E+01	4.224100000E+05	1.854600000E-02	1.740700000E+03	3.993600000E+05	5.392100000E+01
1.277700000E+03	3.300000000E+01	4.227100000E+05	1.800700000E-02	1.739600000E+03	3.997000000E+05	5.553400000E+01
1.313100000E+03	3.400000000E+01	4.229900000E+05	1.748500000E-02	1.738500000E+03	4.000300000E+05	5.719000000E+01
1.349200000E+03	3.500000000E+01	4.232700000E+05	1.698000000E-02	1.737300000E+03	4.003600000E+05	5.889300000E+01
1.386100000E+03	3.600000000E+01	4.235300000E+05	1.649000000E-02	1.736200000E+03	4.006800000E+05	6.064300000E+01
1.423700000E+03	3.700000000E+01	4.237900000E+05	1.601500000E-02	1.735000000E+03	4.009900000E+05	6.244200000E+01
1.462100000E+03	3.800000000E+01	4.240400000E+05	1.555400000E-02	1.733900000E+03	4.012900000E+05	6.429100000E+01
1.501300000E+03	3.900000000E+01	4.242700000E+05	1.510700000E-02	1.732700000E+03	4.015900000E+05	6.619300000E+01
1.541300000E+03	4.000000000E+01	4.245000000E+05	1.467400000E-02	1.731500000E+03	4.018800000E+05	6.814800000E+01
1.582100000E+03	4.100000000E+01	4.247100000E+05	1.425300000E-02	1.730300000E+03	4.021600000E+05	7.016000000E+01
1.623700000E+03	4.200000000E+01	4.249200000E+05	1.384500000E-02	1.729100000E+03	4.024400000E+05	7.223000000E+01
1.666200000E+03	4.300000000E+01	4.251100000E+05	1.344800000E-02	1.727900000E+03	4.027000000E+05	7.435900000E+01
1.709500000E+03	4.400000000E+01	4.252900000E+05	1.306300000E-02	1.726600000E+03	4.029500000E+05	7.655200000E+01
1.753600000E+03	4.500000000E+01	4.254500000E+05	1.268900000E-02	1.725400000E+03	4.032000000E+05	7.880900000E+01
1.798700000E+03	4.600000000E+01	4.256000000E+05	1.232500000E-02	1.724100000E+03	4.034400000E+05	8.113400000E+01
1.844600000E+03	4.700000000E+01	4.257400000E+05	1.197200000E-02	1.722800000E+03	4.036600000E+05	8.352900000E+01
1.891400000E+03	4.800000000E+01	4.258700000E+05	1.162800000E-02	1.721500000E+03	4.038800000E+05	8.599700000E+01
1.939100000E+03	4.900000000E+01	4.259800000E+05	1.129400000E-02	1.720100000E+03	4.040800000E+05	8.854200000E+01
1.987800000E+03	5.000000000E+01	4.260700000E+05	1.096900000E-02	1.718700000E+03	4.042700000E+05	9.116600000E+01
2.037400000E+03	5.100000000E+01	4.261500000E+05	1.065300000E-02	1.717300000E+03	4.044500000E+05	9.387300000E+01
2.087900000E+03	5.200000000E+01	4.262200000E+05	1.034500000E-02	1.715900000E+03	4.046200000E+05	9.666800000E+01
2.139400000E+03	5.300000000E+01	4.262600000E+05	1.004500000E-02	1.714400000E+03	4.047700000E+05	9.955300000E+01
2.191900000E+03	5.400000000E+01	4.262900000E+05	9.752800000E-03	1.712900000E+03	4.049100000E+05	1.025300000E+02
2.245400000E+03	5.500000000E+01	4.262900000E+05	9.468200000E-03	1.711300000E+03	4.050300000E+05	1.056200000E+02
2.300000000E+03	5.600000000E+01	4.262800000E+05	9.190900000E-03	1.709700000E+03	4.051400000E+05	1.088000000E+02
2.355600000E+03	5.700000000E+01	4.262500000E+05	8.920400000E-03	1.708100000E+03	4.052300000E+05	1.121000000E+02
2.412200000E+03	5.800000000E+01	4.261900000E+05	8.656700000E-03	1.706400000E+03	4.053100000E+05	1.155200000E+02
2.469900000E+03	5.900000000E+01	4.261100000E+05	8.399200000E-03	1.704700000E+03	4.053600000E+05	1.190600000E+02
2.528700000E+03	6.000000000E+01	4.260100000E+05	8.147900000E-03	1.702900000E+03	4.054000000E+05	1.227300000E+02
2.588600000E+03	6.100000000E+01	4.258700000E+05	7.902500000E-03	1.701100000E+03	4.054200000E+05	1.265400000E+02
2.649700000E+03	6.200000000E+01	4.257200000E+05	7.662700000E-03	1.699200000E+03	4.054100000E+05	1.305000000E+02
2.711900000E+03	6.300000000E+01	4.255300000E+05	7.428200000E-03	1.697200000E+03	4.053800000E+05	1.346200000E+02
2.775300000E+03	6.400000000E+01	4.253100000E+05	7.198900000E-03	1.695200000E+03	4.053300000E+05	1.389100000E+02
2.840000000E+03	6.500000000E+01	4.250500000E+05	6.974400000E-03	1.693100000E+03	4.052500000E+05	1.433800000E+02
2.905800000E+03	6.600000000E+01	4.247600000E+05	6.754600000E-03	1.690900000E+03	4.051400000E+05	1.480500000E+02
2.973000000E+03	6.700000000E+01	4.244300000E+05	6.539100000E-03	1.688600000E+03	4.049900000E+05	1.529300000E+02
3.041400000E+03	6.800000000E+01	4.240600000E+05	6.327700000E-03	1.686200000E+03	4.048200000E+05	1.580400000E+02
3.111200000E+03	6.900000000E+01	4.236500000E+05	6.120200000E-03	1.683800000E+03	4.046000000E+05	1.633900000E+02
3.182300000E+03	7.000000000E+01	4.231800000E+05	5.916300000E-03	1.681100000E+03	4.043500000E+05	1.690300000E+02
3.254900000E+03	7.100000000E+01	4.226600000E+05	5.715700000E-03	1.678400000E+03	4.040500000E+05	1.749600000E+02
3.328900000E+03	7.200000000E+01	4.220700000E+05	5.518000000E-03	1.675500000E+03	4.037100000E+05	1.812200000E+02
3.404400000E+03	7.300000000E+01	4.214200000E+05	5.323100000E-03	1.672400000E+03	4.033000000E+05	1.878600000E+02
3.481400000E+03	7.400000000E+01	4.207000000E+05	5.130400000E-03	1.669200000E+03	4.028400000E+05	1.949200000E+02
3.560100000E+03	7.500000000E+01	4.198900000E+05	4.939600000E-03	1.665700000E+03	4.023000000E+05	2.024400000E+02
3.640500000E+03	7.600000000E+01	4.189800000E+05	4.750300000E-03	1.662000000E+03	4.016900000E+05	2.105100000E+02
3.722600000E+03	7.700000000E+01	4.179700000E+05	4.561800000E-03	1.658000000E+03	4.009800000E+05	2.192100000E+02
3.806600000E+03	7.800000000E+01	4.168200000E+05	4.373500000E-03	1.653600000E+03	4.001700000E+05	2.286500000E+02
3.892600000E+03	7.900000000E+01	4.155100000E+05	4.184400000E-03	1.648900000E+03	3.992200000E+05	2.389800000E+02
3.980800000E+03	8.000000000E+01	4.140100000E+05	3.993400000E-03	1.643600000E+03	3.981200000E+05	2.504100000E+02
4.071300000E+03	8.100000000E+01	4.122700000E+05	3.798800000E-03	1.637700000E+03	3.968100000E+05	2.632400000E+02
4.164500000E+03	8.200000000E+01	4.102200000E+05	3.598100000E-03	1.630900000E+03	3.952300000E+05	2.779200000E+02
4.260900000E+03	8.300000000E+01	4.077100000E+05	3.387100000E-03	1.622900000E+03	3.932800000E+05	2.952400000E+02
4.361300000E+03	8.400000000E+01	4.045000000E+05	3.157700000E-03	1.613000000E+03	3.907300000E+05	3.166900000E+02
4.554800000E+03	8.500000000E+01	3.664400000E+05	1.766300000E-03	1.505300000E+03	3.584000000E+05	5.661400000E+02