2.339700000E+00	-1.000000000E+02	6.791000000E+04	6.468300000E-04	4.017100000E+02	6.790900000E+04	1.546000000E+03
2.565000000E+00	-9.900000000E+01	6.920400000E+04	6.480400000E-04	4.091600000E+02	6.920200000E+04	1.543100000E+03
2.808600000E+00	-9.800000000E+01	7.049600000E+04	6.492500000E-04	4.165600000E+02	7.049400000E+04	1.540200000E+03
3.071600000E+00	-9.700000000E+01	7.178700000E+04	6.504700000E-04	4.239100000E+02	7.178500000E+04	1.537400000E+03
3.355400000E+00	-9.600000000E+01	7.307600000E+04	6.516900000E-04	4.312100000E+02	7.307400000E+04	1.534500000E+03
3.661100000E+00	-9.500000000E+01	7.436500000E+04	6.529100000E-04	4.384600000E+02	7.436300000E+04	1.531600000E+03
3.990100000E+00	-9.400000000E+01	7.565200000E+04	6.541400000E-04	4.456600000E+02	7.565000000E+04	1.528700000E+03
4.343900000E+00	-9.300000000E+01	7.693900000E+04	6.553800000E-04	4.528200000E+02	7.693600000E+04	1.525800000E+03
4.723900000E+00	-9.200000000E+01	7.822500000E+04	6.566200000E-04	4.599400000E+02	7.822200000E+04	1.523000000E+03
5.131700000E+00	-9.100000000E+01	7.951000000E+04	6.578600000E-04	4.670100000E+02	7.950600000E+04	1.520100000E+03
5.568800000E+00	-9.000000000E+01	8.079400000E+04	6.591100000E-04	4.740400000E+02	8.079000000E+04	1.517200000E+03
6.036900000E+00	-8.900000000E+01	8.207800000E+04	6.603600000E-04	4.810300000E+02	8.207400000E+04	1.514300000E+03
6.537700000E+00	-8.800000000E+01	8.336100000E+04	6.616100000E-04	4.879800000E+02	8.335700000E+04	1.511500000E+03
7.073000000E+00	-8.700000000E+01	8.464400000E+04	6.628800000E-04	4.948900000E+02	8.463900000E+04	1.508600000E+03
7.644600000E+00	-8.600000000E+01	8.592700000E+04	6.641400000E-04	5.017600000E+02	8.592200000E+04	1.505700000E+03
8.254500000E+00	-8.500000000E+01	8.720900000E+04	6.654200000E-04	5.085900000E+02	8.720300000E+04	1.502800000E+03
8.904600000E+00	-8.400000000E+01	8.849100000E+04	6.666900000E-04	5.153800000E+02	8.848500000E+04	1.499900000E+03
9.597100000E+00	-8.300000000E+01	8.977300000E+04	6.679800000E-04	5.221400000E+02	8.976600000E+04	1.497100000E+03
1.033400000E+01	-8.200000000E+01	9.105400000E+04	6.692600000E-04	5.288600000E+02	9.104800000E+04	1.494200000E+03
1.111700000E+01	-8.100000000E+01	9.233600000E+04	6.705600000E-04	5.355400000E+02	9.232900000E+04	1.491300000E+03
1.195000000E+01	-8.000000000E+01	9.361800000E+04	6.718600000E-04	5.421900000E+02	9.361000000E+04	1.488400000E+03
1.283300000E+01	-7.900000000E+01	9.490000000E+04	6.731700000E-04	5.488100000E+02	9.489100000E+04	1.485500000E+03
1.377000000E+01	-7.800000000E+01	9.618200000E+04	6.744800000E-04	5.553900000E+02	9.617300000E+04	1.482600000E+03
1.476300000E+01	-7.700000000E+01	9.746400000E+04	6.758000000E-04	5.619400000E+02	9.745400000E+04	1.479700000E+03
1.581500000E+01	-7.600000000E+01	9.874700000E+04	6.771200000E-04	5.684600000E+02	9.873600000E+04	1.476800000E+03
1.692800000E+01	-7.500000000E+01	1.000300000E+05	6.784500000E-04	5.749500000E+02	1.000200000E+05	1.473900000E+03
1.810500000E+01	-7.400000000E+01	1.013100000E+05	6.797900000E-04	5.814000000E+02	1.013000000E+05	1.471000000E+03
1.934900000E+01	-7.300000000E+01	1.026000000E+05	6.811400000E-04	5.878300000E+02	1.025800000E+05	1.468100000E+03
2.066200000E+01	-7.200000000E+01	1.038800000E+05	6.824900000E-04	5.942200000E+02	1.038700000E+05	1.465200000E+03
2.204800000E+01	-7.100000000E+01	1.051600000E+05	6.838500000E-04	6.005900000E+02	1.051500000E+05	1.462300000E+03
2.350900000E+01	-7.000000000E+01	1.064500000E+05	6.852100000E-04	6.069300000E+02	1.064300000E+05	1.459400000E+03
2.504800000E+01	-6.900000000E+01	1.077400000E+05	6.865800000E-04	6.132300000E+02	1.077200000E+05	1.456500000E+03
2.666900000E+01	-6.800000000E+01	1.090200000E+05	6.879600000E-04	6.195100000E+02	1.090000000E+05	1.453600000E+03
2.837500000E+01	-6.700000000E+01	1.103100000E+05	6.893500000E-04	6.257700000E+02	1.102900000E+05	1.450600000E+03
3.017000000E+01	-6.600000000E+01	1.116000000E+05	6.907500000E-04	6.319900000E+02	1.115800000E+05	1.447700000E+03
3.205500000E+01	-6.500000000E+01	1.128800000E+05	6.921500000E-04	6.381900000E+02	1.128600000E+05	1.444800000E+03
3.403600000E+01	-6.400000000E+01	1.141700000E+05	6.935600000E-04	6.443600000E+02	1.141500000E+05	1.441800000E+03
3.611500000E+01	-6.300000000E+01	1.154600000E+05	6.949800000E-04	6.505100000E+02	1.154400000E+05	1.438900000E+03
3.829600000E+01	-6.200000000E+01	1.167600000E+05	6.964100000E-04	6.566300000E+02	1.167300000E+05	1.435900000E+03
4.058300000E+01	-6.100000000E+01	1.180500000E+05	6.978400000E-04	6.627300000E+02	1.180200000E+05	1.433000000E+03
4.297900000E+01	-6.000000000E+01	1.193400000E+05	6.992900000E-04	6.688000000E+02	1.193100000E+05	1.430000000E+03
4.548800000E+01	-5.900000000E+01	1.206300000E+05	7.007400000E-04	6.748500000E+02	1.206000000E+05	1.427100000E+03
4.811500000E+01	-5.800000000E+01	1.219300000E+05	7.022000000E-04	6.808700000E+02	1.218900000E+05	1.424100000E+03
5.086200000E+01	-5.700000000E+01	1.232200000E+05	7.036700000E-04	6.868700000E+02	1.231900000E+05	1.421100000E+03
5.373500000E+01	-5.600000000E+01	1.245200000E+05	7.051500000E-04	6.928500000E+02	1.244800000E+05	1.418100000E+03
5.673700000E+01	-5.500000000E+01	1.258200000E+05	7.066400000E-04	6.988000000E+02	1.257800000E+05	1.415100000E+03
5.987200000E+01	-5.400000000E+01	1.271200000E+05	7.081400000E-04	7.047300000E+02	1.270800000E+05	1.412200000E+03
6.314400000E+01	-5.300000000E+01	1.284200000E+05	7.096500000E-04	7.106400000E+02	1.283700000E+05	1.409200000E+03
6.655900000E+01	-5.200000000E+01	1.297200000E+05	7.111600000E-04	7.165300000E+02	1.296700000E+05	1.406100000E+03
7.011900000E+01	-5.100000000E+01	1.310200000E+05	7.126900000E-04	7.224000000E+02	1.309700000E+05	1.403100000E+03
7.383100000E+01	-5.000000000E+01	1.323300000E+05	7.142300000E-04	7.282500000E+02	1.322800000E+05	1.400100000E+03
7.769700000E+01	-4.900000000E+01	1.336300000E+05	7.157700000E-04	7.340700000E+02	1.335800000E+05	1.397100000E+03
8.172300000E+01	-4.800000000E+01	1.349400000E+05	7.173300000E-04	7.398800000E+02	1.348800000E+05	1.394100000E+03
8.591400000E+01	-4.700000000E+01	1.362500000E+05	7.189000000E-04	7.456600000E+02	1.361900000E+05	1.391000000E+03
9.027400000E+01	-4.600000000E+01	1.375600000E+05	7.204800000E-04	7.514300000E+02	1.374900000E+05	1.388000000E+03
9.480800000E+01	-4.500000000E+01	1.388700000E+05	7.220700000E-04	7.571700000E+02	1.388000000E+05	1.384900000E+03
9.952000000E+01	-4.400000000E+01	1.401800000E+05	7.236700000E-04	7.629000000E+02	1.401100000E+05	1.381900000E+03
1.044200000E+02	-4.300000000E+01	1.415000000E+05	7.252800000E-04	7.686100000E+02	1.414200000E+05	1.378800000E+03
1.095000000E+02	-4.200000000E+01	1.428100000E+05	7.269000000E-04	7.743000000E+02	1.427300000E+05	1.375700000E+03
1.147800000E+02	-4.100000000E+01	1.441300000E+05	7.285400000E-04	7.799700000E+02	1.440500000E+05	1.372600000E+03
1.202600000E+02	-4.000000000E+01	1.454500000E+05	7.301800000E-04	7.856200000E+02	1.453600000E+05	1.369500000E+03
1.259400000E+02	-3.900000000E+01	1.467700000E+05	7.318400000E-04	7.912600000E+02	1.466800000E+05	1.366400000E+03
1.318300000E+02	-3.800000000E+01	1.480900000E+05	7.335100000E-04	7.968800000E+02	1.480000000E+05	1.363300000E+03
1.379300000E+02	-3.700000000E+01	1.494200000E+05	7.352000000E-04	8.024800000E+02	1.493200000E+05	1.360200000E+03
1.442600000E+02	-3.600000000E+01	1.507400000E+05	7.368900000E-04	8.080600000E+02	1.506400000E+05	1.357000000E+03
1.508100000E+02	-3.500000000E+01	1.520700000E+05	7.386000000E-04	8.136300000E+02	1.519600000E+05	1.353900000E+03
1.575900000E+02	-3.400000000E+01	1.534000000E+05	7.403300000E-04	8.191800000E+02	1.532900000E+05	1.350800000E+03
1.646100000E+02	-3.300000000E+01	1.547300000E+05	7.420600000E-04	8.247100000E+02	1.546100000E+05	1.347600000E+03
1.718600000E+02	-3.200000000E+01	1.560700000E+05	7.438100000E-04	8.302300000E+02	1.559400000E+05	1.344400000E+03
1.793700000E+02	-3.100000000E+01	1.574000000E+05	7.455800000E-04	8.357400000E+02	1.572700000E+05	1.341200000E+03
1.871300000E+02	-3.000000000E+01	1.587400000E+05	7.473500000E-04	8.412300000E+02	1.586000000E+05	1.338100000E+03
1.951500000E+02	-2.900000000E+01	1.600800000E+05	7.491500000E-04	8.467000000E+02	1.599300000E+05	1.334900000E+03
2.034300000E+02	-2.800000000E+01	1.614200000E+05	7.509500000E-04	8.521600000E+02	1.612700000E+05	1.331600000E+03
2.119800000E+02	-2.700000000E+01	1.627700000E+05	7.527700000E-04	8.576000000E+02	1.626100000E+05	1.328400000E+03
2.208100000E+02	-2.600000000E+01	1.641100000E+05	7.546100000E-04	8.630300000E+02	1.639500000E+05	1.325200000E+03
2.299200000E+02	-2.500000000E+01	1.654600000E+05	7.564600000E-04	8.684500000E+02	1.652900000E+05	1.321900000E+03
2.393200000E+02	-2.400000000E+01	1.668100000E+05	7.583300000E-04	8.738500000E+02	1.666300000E+05	1.318700000E+03
2.490200000E+02	-2.300000000E+01	1.681600000E+05	7.602200000E-04	8.792400000E+02	1.679700000E+05	1.315400000E+03
2.590100000E+02	-2.200000000E+01	1.695200000E+05	7.621200000E-04	8.846200000E+02	1.693200000E+05	1.312100000E+03
2.693200000E+02	-2.100000000E+01	1.708800000E+05	7.640400000E-04	8.899800000E+02	1.706700000E+05	1.308800000E+03
2.799300000E+02	-2.000000000E+01	1.722400000E+05	7.659700000E-04	8.953300000E+02	1.720200000E+05	1.305500000E+03
2.908600000E+02	-1.900000000E+01	1.736000000E+05	7.679300000E-04	9.006700000E+02	1.733700000E+05	1.302200000E+03
3.021200000E+02	-1.800000000E+01	1.749600000E+05	7.699000000E-04	9.059900000E+02	1.747300000E+05	1.298900000E+03
3.137100000E+02	-1.700000000E+01	1.763300000E+05	7.718900000E-04	9.113000000E+02	1.760900000E+05	1.295500000E+03
3.256400000E+02	-1.600000000E+01	1.777000000E+05	7.739000000E-04	9.166000000E+02	1.774500000E+05	1.292200000E+03
3.379200000E+02	-1.500000000E+01	1.790700000E+05	7.759200000E-04	9.218900000E+02	1.788100000E+05	1.288800000E+03
3.505400000E+02	-1.400000000E+01	1.804500000E+05	7.779700000E-04	9.271700000E+02	1.801700000E+05	1.285400000E+03
3.635200000E+02	-1.300000000E+01	1.818200000E+05	7.800400000E-04	9.324400000E+02	1.815400000E+05	1.282000000E+03
3.768700000E+02	-1.200000000E+01	1.832000000E+05	7.821200000E-04	9.376900000E+02	1.829100000E+05	1.278600000E+03
3.905900000E+02	-1.100000000E+01	1.845900000E+05	7.842300000E-04	9.429400000E+02	1.842800000E+05	1.275100000E+03
4.046800000E+02	-1.000000000E+01	1.859700000E+05	7.863600000E-04	9.481700000E+02	1.856500000E+05	1.271700000E+03
4.191600000E+02	-9.000000000E+00	1.873600000E+05	7.885100000E-04	9.534000000E+02	1.870300000E+05	1.268200000E+03
4.340300000E+02	-8.000000000E+00	1.887500000E+05	7.906800000E-04	9.586100000E+02	1.884100000E+05	1.264700000E+03
4.492900000E+02	-7.000000000E+00	1.901500000E+05	7.928800000E-04	9.638200000E+02	1.897900000E+05	1.261200000E+03
4.649600000E+02	-6.000000000E+00	1.915500000E+05	7.950900000E-04	9.690100000E+02	1.911800000E+05	1.257700000E+03
4.810500000E+02	-5.000000000E+00	1.929500000E+05	7.973400000E-04	9.742000000E+02	1.925600000E+05	1.254200000E+03
4.975500000E+02	-4.000000000E+00	1.943500000E+05	7.996000000E-04	9.793800000E+02	1.939500000E+05	1.250600000E+03
5.144700000E+02	-3.000000000E+00	1.957600000E+05	8.018900000E-04	9.845400000E+02	1.953500000E+05	1.247100000E+03
5.318300000E+02	-2.000000000E+00	1.971700000E+05	8.042100000E-04	9.897000000E+02	1.967400000E+05	1.243500000E+03
5.496300000E+02	-1.000000000E+00	1.985800000E+05	8.065500000E-04	9.948600000E+02	1.981400000E+05	1.239800000E+03
5.678700000E+02	0.000000000E+00	2.000000000E+05	8.089200000E-04	1.000000000E+03	1.995400000E+05	1.236200000E+03
5.865700000E+02	1.000000000E+00	2.014200000E+05	8.113100000E-04	1.005100000E+03	2.009400000E+05	1.232600000E+03
6.057200000E+02	2.000000000E+00	2.028400000E+05	8.137400000E-04	1.010300000E+03	2.023500000E+05	1.228900000E+03
6.253500000E+02	3.000000000E+00	2.042700000E+05	8.161900000E-04	1.015400000E+03	2.037600000E+05	1.225200000E+03
6.454400000E+02	4.000000000E+00	2.057000000E+05	8.186700000E-04	1.020500000E+03	2.051800000E+05	1.221500000E+03
6.660200000E+02	5.000000000E+00	2.071400000E+05	8.211800000E-04	1.025600000E+03	2.065900000E+05	1.217800000E+03
6.870900000E+02	6.000000000E+00	2.085800000E+05	8.237200000E-04	1.030700000E+03	2.080100000E+05	1.214000000E+03
7.086600000E+02	7.000000000E+00	2.100200000E+05	8.263000000E-04	1.035800000E+03	2.094300000E+05	1.210200000E+03
7.307300000E+02	8.000000000E+00	2.114700000E+05	8.289000000E-04	1.040900000E+03	2.108600000E+05	1.206400000E+03
7.533100000E+02	9.000000000E+00	2.129200000E+05	8.315400000E-04	1.046000000E+03	2.122900000E+05	1.202600000E+03
7.764100000E+02	1.000000000E+01	2.143700000E+05	8.342100000E-04	1.051100000E+03	2.137200000E+05	1.198700000E+03
8.000400000E+02	1.100000000E+01	2.158300000E+05	8.369200000E-04	1.056100000E+03	2.151600000E+05	1.194900000E+03
8.242000000E+02	1.200000000E+01	2.172900000E+05	8.396700000E-04	1.061200000E+03	2.166000000E+05	1.191000000E+03
8.489000000E+02	1.300000000E+01	2.187600000E+05	8.424500000E-04	1.066300000E+03	2.180500000E+05	1.187000000E+03
8.741500000E+02	1.400000000E+01	2.202300000E+05	8.452700000E-04	1.071300000E+03	2.194900000E+05	1.183100000E+03
8.999500000E+02	1.500000000E+01	2.217100000E+05	8.481200000E-04	1.076400000E+03	2.209500000E+05	1.179100000E+03
9.263200000E+02	1.600000000E+01	2.231900000E+05	8.510200000E-04	1.081400000E+03	2.224000000E+05	1.175100000E+03
9.532600000E+02	1.700000000E+01	2.246800000E+05	8.539600000E-04	1.086500000E+03	2.238600000E+05	1.171000000E+03
9.807900000E+02	1.800000000E+01	2.261700000E+05	8.569400000E-04	1.091500000E+03	2.253300000E+05	1.166900000E+03
1.008900000E+03	1.900000000E+01	2.276600000E+05	8.599700000E-04	1.096600000E+03	2.267900000E+05	1.162800000E+03
1.037600000E+03	2.000000000E+01	2.291600000E+05	8.630400000E-04	1.101600000E+03	2.282700000E+05	1.158700000E+03
1.066900000E+03	2.100000000E+01	2.306700000E+05	8.661600000E-04	1.106700000E+03	2.297400000E+05	1.154500000E+03
1.096800000E+03	2.200000000E+01	2.321800000E+05	8.693200000E-04	1.111700000E+03	2.312200000E+05	1.150300000E+03
1.127400000E+03	2.300000000E+01	2.336900000E+05	8.725400000E-04	1.116700000E+03	2.327100000E+05	1.146100000E+03
1.158500000E+03	2.400000000E+01	2.352100000E+05	8.758100000E-04	1.121800000E+03	2.342000000E+05	1.141800000E+03
1.190300000E+03	2.500000000E+01	2.367400000E+05	8.791200000E-04	1.126800000E+03	2.356900000E+05	1.137500000E+03
1.222800000E+03	2.600000000E+01	2.382700000E+05	8.825000000E-04	1.131800000E+03	2.371900000E+05	1.133100000E+03
1.255900000E+03	2.700000000E+01	2.398100000E+05	8.859300000E-04	1.136900000E+03	2.387000000E+05	1.128800000E+03
1.289600000E+03	2.800000000E+01	2.413500000E+05	8.894100000E-04	1.141900000E+03	2.402100000E+05	1.124300000E+03
1.324000000E+03	2.900000000E+01	2.429000000E+05	8.929600000E-04	1.146900000E+03	2.417200000E+05	1.119900000E+03
1.359100000E+03	3.000000000E+01	2.444600000E+05	8.965700000E-04	1.152000000E+03	2.432400000E+05	1.115400000E+03
1.394900000E+03	3.100000000E+01	2.460200000E+05	9.002400000E-04	1.157000000E+03	2.447700000E+05	1.110800000E+03
1.431400000E+03	3.200000000E+01	2.475900000E+05	9.039800000E-04	1.162100000E+03	2.463000000E+05	1.106200000E+03
1.468500000E+03	3.300000000E+01	2.491700000E+05	9.077900000E-04	1.167100000E+03	2.478300000E+05	1.101600000E+03
1.506400000E+03	3.400000000E+01	2.507500000E+05	9.116700000E-04	1.172200000E+03	2.493800000E+05	1.096900000E+03
1.545000000E+03	3.500000000E+01	2.523400000E+05	9.156300000E-04	1.177200000E+03	2.509300000E+05	1.092100000E+03
1.584300000E+03	3.600000000E+01	2.539400000E+05	9.196600000E-04	1.182300000E+03	2.524800000E+05	1.087400000E+03
1.624400000E+03	3.700000000E+01	2.555400000E+05	9.237700000E-04	1.187300000E+03	2.540400000E+05	1.082500000E+03
1.665200000E+03	3.800000000E+01	2.571500000E+05	9.279700000E-04	1.192400000E+03	2.556100000E+05	1.077600000E+03
1.706700000E+03	3.900000000E+01	2.587700000E+05	9.322500000E-04	1.197500000E+03	2.571800000E+05	1.072700000E+03
1.749000000E+03	4.000000000E+01	2.604000000E+05	9.366200000E-04	1.202500000E+03	2.587600000E+05	1.067700000E+03
1.792100000E+03	4.100000000E+01	2.620400000E+05	9.410900000E-04	1.207600000E+03	2.603500000E+05	1.062600000E+03
1.836000000E+03	4.200000000E+01	2.636800000E+05	9.456500000E-04	1.212700000E+03	2.619500000E+05	1.057500000E+03
1.880600000E+03	4.300000000E+01	2.653400000E+05	9.503200000E-04	1.217800000E+03	2.635500000E+05	1.052300000E+03
1.926100000E+03	4.400000000E+01	2.670000000E+05	9.550900000E-04	1.223000000E+03	2.651600000E+05	1.047000000E+03
1.972300000E+03	4.500000000E+01	2.686700000E+05	9.599700000E-04	1.228100000E+03	2.667800000E+05	1.041700000E+03
2.019400000E+03	4.600000000E+01	2.703500000E+05	9.649700000E-04	1.233200000E+03	2.684000000E+05	1.036300000E+03
2.067300000E+03	4.700000000E+01	2.720400000E+05	9.701000000E-04	1.238400000E+03	2.700400000E+05	1.030800000E+03
2.116000000E+03	4.800000000E+01	2.737500000E+05	9.753500000E-04	1.243500000E+03	2.716800000E+05	1.025300000E+03
2.165600000E+03	4.900000000E+01	2.754600000E+05	9.807400000E-04	1.248700000E+03	2.733400000E+05	1.019600000E+03
2.216000000E+03	5.000000000E+01	2.771800000E+05	9.862600000E-04	1.253900000E+03	2.750000000E+05	1.013900000E+03
2.267300000E+03	5.100000000E+01	2.789200000E+05	9.919400000E-04	1.259100000E+03	2.766700000E+05	1.008100000E+03
2.319400000E+03	5.200000000E+01	2.806700000E+05	9.977800000E-04	1.264300000E+03	2.783500000E+05	1.002200000E+03
2.372500000E+03	5.300000000E+01	2.824300000E+05	1.003800000E-03	1.269600000E+03	2.800500000E+05	9.962300000E+02
2.426400000E+03	5.400000000E+01	2.842000000E+05	1.010000000E-03	1.274800000E+03	2.817500000E+05	9.901400000E+02
2.481200000E+03	5.500000000E+01	2.859900000E+05	1.016300000E-03	1.280100000E+03	2.834700000E+05	9.839300000E+02
2.537000000E+03	5.600000000E+01	2.877900000E+05	1.022900000E-03	1.285400000E+03	2.852000000E+05	9.776200000E+02
2.593600000E+03	5.700000000E+01	2.896100000E+05	1.029700000E-03	1.290800000E+03	2.869400000E+05	9.711800000E+02
2.651200000E+03	5.800000000E+01	2.914400000E+05	1.036700000E-03	1.296100000E+03	2.887000000E+05	9.646200000E+02
2.709800000E+03	5.900000000E+01	2.932900000E+05	1.043900000E-03	1.301500000E+03	2.904700000E+05	9.579200000E+02
2.769200000E+03	6.000000000E+01	2.951600000E+05	1.051400000E-03	1.306900000E+03	2.922500000E+05	9.510800000E+02
2.829700000E+03	6.100000000E+01	2.970500000E+05	1.059200000E-03	1.312400000E+03	2.940500000E+05	9.440900000E+02
2.891100000E+03	6.200000000E+01	2.989600000E+05	1.067300000E-03	1.317900000E+03	2.958700000E+05	9.369400000E+02
2.953500000E+03	6.300000000E+01	3.008800000E+05	1.075700000E-03	1.323500000E+03	2.977100000E+05	9.296100000E+02
3.017000000E+03	6.400000000E+01	3.028300000E+05	1.084500000E-03	1.329000000E+03	2.995600000E+05	9.221000000E+02
3.081400000E+03	6.500000000E+01	3.048100000E+05	1.093600000E-03	1.334700000E+03	3.014400000E+05	9.143800000E+02
3.146800000E+03	6.600000000E+01	3.068100000E+05	1.103200000E-03	1.340400000E+03	3.033400000E+05	9.064500000E+02
3.213300000E+03	6.700000000E+01	3.088400000E+05	1.113200000E-03	1.346100000E+03	3.052600000E+05	8.982700000E+02
3.280800000E+03	6.800000000E+01	3.109000000E+05	1.123800000E-03	1.352000000E+03	3.072100000E+05	8.898400000E+02
3.349300000E+03	6.900000000E+01	3.129900000E+05	1.134900000E-03	1.357900000E+03	3.091900000E+05	8.811200000E+02
3.418900000E+03	7.000000000E+01	3.151200000E+05	1.146700000E-03	1.363900000E+03	3.112000000E+05	8.720900000E+02
3.489600000E+03	7.100000000E+01	3.172900000E+05	1.159100000E-03	1.369900000E+03	3.132500000E+05	8.627100000E+02
3.561300000E+03	7.200000000E+01	3.195100000E+05	1.172400000E-03	1.376100000E+03	3.153300000E+05	8.529400000E+02
3.634100000E+03	7.300000000E+01	3.217700000E+05	1.186600000E-03	1.382400000E+03	3.174600000E+05	8.427300000E+02
3.708000000E+03	7.400000000E+01	3.240900000E+05	1.201900000E-03	1.388900000E+03	3.196300000E+05	8.320200000E+02
3.783000000E+03	7.500000000E+01	3.264800000E+05	1.218400000E-03	1.395500000E+03	3.218700000E+05	8.207500000E+02
3.859100000E+03	7.600000000E+01	3.289400000E+05	1.236400000E-03	1.402200000E+03	3.241600000E+05	8.088200000E+02
3.936200000E+03	7.700000000E+01	3.314800000E+05	1.256100000E-03	1.409200000E+03	3.265400000E+05	7.961100000E+02
4.014400000E+03	7.800000000E+01	3.341300000E+05	1.278000000E-03	1.416500000E+03	3.290000000E+05	7.824900000E+02
4.093600000E+03	7.900000000E+01	3.369100000E+05	1.302500000E-03	1.424100000E+03	3.315700000E+05	7.677400000E+02
4.173800000E+03	8.000000000E+01	3.398400000E+05	1.330500000E-03	1.432100000E+03	3.342800000E+05	7.515900000E+02
4.254800000E+03	8.100000000E+01	3.429700000E+05	1.363100000E-03	1.440700000E+03	3.371700000E+05	7.336100000E+02
4.336500000E+03	8.200000000E+01	3.463900000E+05	1.402200000E-03	1.450000000E+03	3.403000000E+05	7.131400000E+02
4.418600000E+03	8.300000000E+01	3.502200000E+05	1.451400000E-03	1.460400000E+03	3.438000000E+05	6.889900000E+02
4.500300000E+03	8.400000000E+01	3.547600000E+05	1.518300000E-03	1.472800000E+03	3.479300000E+05	6.586400000E+02
4.579100000E+03	8.500000000E+01	3.608900000E+05	1.626400000E-03	1.489600000E+03	3.534400000E+05	6.148500000E+02