2.339700000E+00	0.000000000E+00	2.802000000E-02
2.339700000E+00	1.000000000E-01	2.785800000E-02
2.339500000E+00	2.000000000E-01	2.768000000E-02
2.339700000E+00	3.000000000E-01	2.748600000E-02
2.339800000E+00	4.000000000E-01	2.728300000E-02
2.339700000E+00	5.000000000E-01	2.708000000E-02
2.339700000E+00	6.000000000E-01	2.688500000E-02
2.339700000E+00	7.000000000E-01	2.670700000E-02
2.339700000E+00	8.000000000E-01	2.655000000E-02
2.339700000E+00	9.000000000E-01	2.641200000E-02
2.339700000E+00	1.000000000E+00	2.629300000E-02
2.565000000E+00	0.000000000E+00	2.783100000E-02
2.565000000E+00	1.000000000E-01	2.767200000E-02
2.564800000E+00	2.000000000E-01	2.749600000E-02
2.565000000E+00	3.000000000E-01	2.730600000E-02
2.565100000E+00	4.000000000E-01	2.710600000E-02
2.565000000E+00	5.000000000E-01	2.690500000E-02
2.565000000E+00	6.000000000E-01	2.671300000E-02
2.565000000E+00	7.000000000E-01	2.653700000E-02
2.565000000E+00	8.000000000E-01	2.638000000E-02
2.565000000E+00	9.000000000E-01	2.624300000E-02
2.565000000E+00	1.000000000E+00	2.612300000E-02
2.808600000E+00	0.000000000E+00	2.764300000E-02
2.808600000E+00	1.000000000E-01	2.748600000E-02
2.808500000E+00	2.000000000E-01	2.731300000E-02
2.808600000E+00	3.000000000E-01	2.712500000E-02
2.808700000E+00	4.000000000E-01	2.692800000E-02
2.808600000E+00	5.000000000E-01	2.673000000E-02
2.808600000E+00	6.000000000E-01	2.654000000E-02
2.808600000E+00	7.000000000E-01	2.636600000E-02
2.808600000E+00	8.000000000E-01	2.621000000E-02
2.808600000E+00	9.000000000E-01	2.607300000E-02
2.808600000E+00	1.000000000E+00	2.595400000E-02
3.071600000E+00	0.000000000E+00	2.745500000E-02
3.071600000E+00	1.000000000E-01	2.730000000E-02
3.071500000E+00	2.000000000E-01	2.713000000E-02
3.071600000E+00	3.000000000E-01	2.694500000E-02
3.071700000E+00	4.000000000E-01	2.675100000E-02
3.071600000E+00	5.000000000E-01	2.655600000E-02
3.071600000E+00	6.000000000E-01	2.636800000E-02
3.071600000E+00	7.000000000E-01	2.619500000E-02
3.071600000E+00	8.000000000E-01	2.604000000E-02
3.071600000E+00	9.000000000E-01	2.590400000E-02
3.071600000E+00	1.000000000E+00	2.578500000E-02
3.355400000E+00	0.000000000E+00	2.726700000E-02
3.355400000E+00	1.000000000E-01	2.711500000E-02
3.355300000E+00	2.000000000E-01	2.694700000E-02
3.355400000E+00	3.000000000E-01	2.676500000E-02
3.355500000E+00	4.000000000E-01	2.657400000E-02
3.355400000E+00	5.000000000E-01	2.638100000E-02
3.355400000E+00	6.000000000E-01	2.619500000E-02
3.355400000E+00	7.000000000E-01	2.602400000E-02
3.355400000E+00	8.000000000E-01	2.587000000E-02
3.355400000E+00	9.000000000E-01	2.573400000E-02
3.355400000E+00	1.000000000E+00	2.561600000E-02
3.661100000E+00	0.000000000E+00	2.707900000E-02
3.661100000E+00	1.000000000E-01	2.693000000E-02
3.661000000E+00	2.000000000E-01	2.676400000E-02
3.661100000E+00	3.000000000E-01	2.658500000E-02
3.661200000E+00	4.000000000E-01	2.639600000E-02
3.661100000E+00	5.000000000E-01	2.620600000E-02
3.661100000E+00	6.000000000E-01	2.602300000E-02
3.661100000E+00	7.000000000E-01	2.585300000E-02
3.661100000E+00	8.000000000E-01	2.570000000E-02
3.661100000E+00	9.000000000E-01	2.556500000E-02
3.661100000E+00	1.000000000E+00	2.544700000E-02
3.990100000E+00	0.000000000E+00	2.689200000E-02
3.990100000E+00	1.000000000E-01	2.674500000E-02
3.990000000E+00	2.000000000E-01	2.658200000E-02
3.990100000E+00	3.000000000E-01	2.640500000E-02
3.990200000E+00	4.000000000E-01	2.621900000E-02
3.990200000E+00	5.000000000E-01	2.603100000E-02
3.990100000E+00	6.000000000E-01	2.585000000E-02
3.990100000E+00	7.000000000E-01	2.568200000E-02
3.990100000E+00	8.000000000E-01	2.553000000E-02
3.990100000E+00	9.000000000E-01	2.539600000E-02
3.990100000E+00	1.000000000E+00	2.527800000E-02
4.343900000E+00	0.000000000E+00	2.670500000E-02
4.343900000E+00	1.000000000E-01	2.656000000E-02
4.343800000E+00	2.000000000E-01	2.639900000E-02
4.343900000E+00	3.000000000E-01	2.622500000E-02
4.344000000E+00	4.000000000E-01	2.604200000E-02
4.344000000E+00	5.000000000E-01	2.585700000E-02
4.343900000E+00	6.000000000E-01	2.567700000E-02
4.343900000E+00	7.000000000E-01	2.551100000E-02
4.343900000E+00	8.000000000E-01	2.536000000E-02
4.343900000E+00	9.000000000E-01	2.522700000E-02
4.343900000E+00	1.000000000E+00	2.511000000E-02
4.723900000E+00	0.000000000E+00	2.651800000E-02
4.723900000E+00	1.000000000E-01	2.637500000E-02
4.723800000E+00	2.000000000E-01	2.621700000E-02
4.723900000E+00	3.000000000E-01	2.604600000E-02
4.724000000E+00	4.000000000E-01	2.586500000E-02
4.724000000E+00	5.000000000E-01	2.568200000E-02
4.723900000E+00	6.000000000E-01	2.550500000E-02
4.723900000E+00	7.000000000E-01	2.534000000E-02
4.723900000E+00	8.000000000E-01	2.519000000E-02
4.723900000E+00	9.000000000E-01	2.505800000E-02
4.723900000E+00	1.000000000E+00	2.494100000E-02
5.131700000E+00	0.000000000E+00	2.633200000E-02
5.131700000E+00	1.000000000E-01	2.619100000E-02
5.131600000E+00	2.000000000E-01	2.603500000E-02
5.131700000E+00	3.000000000E-01	2.586600000E-02
5.131800000E+00	4.000000000E-01	2.568800000E-02
5.131800000E+00	5.000000000E-01	2.550700000E-02
5.131700000E+00	6.000000000E-01	2.533200000E-02
5.131700000E+00	7.000000000E-01	2.516900000E-02
5.131700000E+00	8.000000000E-01	2.502000000E-02
5.131700000E+00	9.000000000E-01	2.488800000E-02
5.131700000E+00	1.000000000E+00	2.477200000E-02
5.568800000E+00	0.000000000E+00	2.614500000E-02
5.568800000E+00	1.000000000E-01	2.600600000E-02
5.568700000E+00	2.000000000E-01	2.585300000E-02
5.568800000E+00	3.000000000E-01	2.568600000E-02
5.568900000E+00	4.000000000E-01	2.551100000E-02
5.568900000E+00	5.000000000E-01	2.533300000E-02
5.568800000E+00	6.000000000E-01	2.516000000E-02
5.568800000E+00	7.000000000E-01	2.499800000E-02
5.568800000E+00	8.000000000E-01	2.485100000E-02
5.568800000E+00	9.000000000E-01	2.471900000E-02
5.568800000E+00	1.000000000E+00	2.460300000E-02
6.036900000E+00	0.000000000E+00	2.595900000E-02
6.036900000E+00	1.000000000E-01	2.582200000E-02
6.036800000E+00	2.000000000E-01	2.567100000E-02
6.036900000E+00	3.000000000E-01	2.550700000E-02
6.037000000E+00	4.000000000E-01	2.533400000E-02
6.037000000E+00	5.000000000E-01	2.515800000E-02
6.036900000E+00	6.000000000E-01	2.498700000E-02
6.036900000E+00	7.000000000E-01	2.482700000E-02
6.036900000E+00	8.000000000E-01	2.468100000E-02
6.036900000E+00	9.000000000E-01	2.455000000E-02
6.036900000E+00	1.000000000E+00	2.443500000E-02
6.537700000E+00	0.000000000E+00	2.577400000E-02
6.537700000E+00	1.000000000E-01	2.563900000E-02
6.537600000E+00	2.000000000E-01	2.549000000E-02
6.537700000E+00	3.000000000E-01	2.532800000E-02
6.537800000E+00	4.000000000E-01	2.515700000E-02
6.537800000E+00	5.000000000E-01	2.498400000E-02
6.537700000E+00	6.000000000E-01	2.481500000E-02
6.537700000E+00	7.000000000E-01	2.465600000E-02
6.537700000E+00	8.000000000E-01	2.451100000E-02
6.537700000E+00	9.000000000E-01	2.438100000E-02
6.537700000E+00	1.000000000E+00	2.426600000E-02
7.073000000E+00	0.000000000E+00	2.558800000E-02
7.073000000E+00	1.000000000E-01	2.545500000E-02
7.072900000E+00	2.000000000E-01	2.530800000E-02
7.073000000E+00	3.000000000E-01	2.514900000E-02
7.073100000E+00	4.000000000E-01	2.498000000E-02
7.073100000E+00	5.000000000E-01	2.480900000E-02
7.073000000E+00	6.000000000E-01	2.464200000E-02
7.073000000E+00	7.000000000E-01	2.448500000E-02
7.073000000E+00	8.000000000E-01	2.434100000E-02
7.073000000E+00	9.000000000E-01	2.421200000E-02
7.073000000E+00	1.000000000E+00	2.409800000E-02
7.644600000E+00	0.000000000E+00	2.540300000E-02
7.644600000E+00	1.000000000E-01	2.527200000E-02
7.644600000E+00	2.000000000E-01	2.512700000E-02
7.644600000E+00	3.000000000E-01	2.497000000E-02
7.644600000E+00	4.000000000E-01	2.480400000E-02
7.644700000E+00	5.000000000E-01	2.463500000E-02
7.644600000E+00	6.000000000E-01	2.447000000E-02
7.644600000E+00	7.000000000E-01	2.431400000E-02
7.644600000E+00	8.000000000E-01	2.417200000E-02
7.644600000E+00	9.000000000E-01	2.404400000E-02
7.644600000E+00	1.000000000E+00	2.393000000E-02
8.254500000E+00	0.000000000E+00	2.521800000E-02
8.254500000E+00	1.000000000E-01	2.508900000E-02
8.254500000E+00	2.000000000E-01	2.494600000E-02
8.254500000E+00	3.000000000E-01	2.479100000E-02
8.254500000E+00	4.000000000E-01	2.462700000E-02
8.254600000E+00	5.000000000E-01	2.446000000E-02
8.254500000E+00	6.000000000E-01	2.429700000E-02
8.254500000E+00	7.000000000E-01	2.414300000E-02
8.254500000E+00	8.000000000E-01	2.400200000E-02
8.254500000E+00	9.000000000E-01	2.387500000E-02
8.254500000E+00	1.000000000E+00	2.376100000E-02
8.904600000E+00	0.000000000E+00	2.503300000E-02
8.904600000E+00	1.000000000E-01	2.490600000E-02
8.904600000E+00	2.000000000E-01	2.476500000E-02
8.904600000E+00	3.000000000E-01	2.461200000E-02
8.904600000E+00	4.000000000E-01	2.445000000E-02
8.904700000E+00	5.000000000E-01	2.428600000E-02
8.904500000E+00	6.000000000E-01	2.412500000E-02
8.904600000E+00	7.000000000E-01	2.397300000E-02
8.904600000E+00	8.000000000E-01	2.383200000E-02
8.904600000E+00	9.000000000E-01	2.370600000E-02
8.904600000E+00	1.000000000E+00	2.359300000E-02
9.597100000E+00	0.000000000E+00	2.484900000E-02
9.597100000E+00	1.000000000E-01	2.472300000E-02
9.597100000E+00	2.000000000E-01	2.458400000E-02
9.597300000E+00	3.000000000E-01	2.443300000E-02
9.597100000E+00	4.000000000E-01	2.427400000E-02
9.597200000E+00	5.000000000E-01	2.411200000E-02
9.597000000E+00	6.000000000E-01	2.395300000E-02
9.597100000E+00	7.000000000E-01	2.380200000E-02
9.597100000E+00	8.000000000E-01	2.366300000E-02
9.597100000E+00	9.000000000E-01	2.353700000E-02
9.597100000E+00	1.000000000E+00	2.342500000E-02
1.033400000E+01	0.000000000E+00	2.466500000E-02
1.033400000E+01	1.000000000E-01	2.454100000E-02
1.033400000E+01	2.000000000E-01	2.440400000E-02
1.033400000E+01	3.000000000E-01	2.425500000E-02
1.033400000E+01	4.000000000E-01	2.409800000E-02
1.033400000E+01	5.000000000E-01	2.393800000E-02
1.033400000E+01	6.000000000E-01	2.378000000E-02
1.033400000E+01	7.000000000E-01	2.363100000E-02
1.033400000E+01	8.000000000E-01	2.349400000E-02
1.033400000E+01	9.000000000E-01	2.336900000E-02
1.033400000E+01	1.000000000E+00	2.325700000E-02
1.111700000E+01	0.000000000E+00	2.448100000E-02
1.111700000E+01	1.000000000E-01	2.435900000E-02
1.111700000E+01	2.000000000E-01	2.422300000E-02
1.111700000E+01	3.000000000E-01	2.407700000E-02
1.111700000E+01	4.000000000E-01	2.392200000E-02
1.111700000E+01	5.000000000E-01	2.376400000E-02
1.111700000E+01	6.000000000E-01	2.360800000E-02
1.111700000E+01	7.000000000E-01	2.346100000E-02
1.111700000E+01	8.000000000E-01	2.332400000E-02
1.111700000E+01	9.000000000E-01	2.320000000E-02
1.111700000E+01	1.000000000E+00	2.308900000E-02
1.195000000E+01	0.000000000E+00	2.429800000E-02
1.195000000E+01	1.000000000E-01	2.417700000E-02
1.195000000E+01	2.000000000E-01	2.404300000E-02
1.195000000E+01	3.000000000E-01	2.389800000E-02
1.195000000E+01	4.000000000E-01	2.374600000E-02
1.195000000E+01	5.000000000E-01	2.359000000E-02
1.195000000E+01	6.000000000E-01	2.343600000E-02
1.195000000E+01	7.000000000E-01	2.329000000E-02
1.195000000E+01	8.000000000E-01	2.315500000E-02
1.195000000E+01	9.000000000E-01	2.303200000E-02
1.195000000E+01	1.000000000E+00	2.292200000E-02
1.283300000E+01	0.000000000E+00	2.411500000E-02
1.283300000E+01	1.000000000E-01	2.399500000E-02
1.283300000E+01	2.000000000E-01	2.386300000E-02
1.283300000E+01	3.000000000E-01	2.372100000E-02
1.283300000E+01	4.000000000E-01	2.357000000E-02
1.283300000E+01	5.000000000E-01	2.341600000E-02
1.283300000E+01	6.000000000E-01	2.326400000E-02
1.283300000E+01	7.000000000E-01	2.312000000E-02
1.283300000E+01	8.000000000E-01	2.298600000E-02
1.283300000E+01	9.000000000E-01	2.286400000E-02
1.283300000E+01	1.000000000E+00	2.275400000E-02
1.377000000E+01	0.000000000E+00	2.393200000E-02
1.377000000E+01	1.000000000E-01	2.381400000E-02
1.377000000E+01	2.000000000E-01	2.368400000E-02
1.377000000E+01	3.000000000E-01	2.354300000E-02
1.377000000E+01	4.000000000E-01	2.339400000E-02
1.377000000E+01	5.000000000E-01	2.324200000E-02
1.377000000E+01	6.000000000E-01	2.309300000E-02
1.377000000E+01	7.000000000E-01	2.295000000E-02
1.377000000E+01	8.000000000E-01	2.281700000E-02
1.377000000E+01	9.000000000E-01	2.269600000E-02
1.377000000E+01	1.000000000E+00	2.258600000E-02
1.476300000E+01	0.000000000E+00	2.374900000E-02
1.476300000E+01	1.000000000E-01	2.363200000E-02
1.476300000E+01	2.000000000E-01	2.350400000E-02
1.476300000E+01	3.000000000E-01	2.336500000E-02
1.476300000E+01	4.000000000E-01	2.321900000E-02
1.476300000E+01	5.000000000E-01	2.306900000E-02
1.476300000E+01	6.000000000E-01	2.292100000E-02
1.476300000E+01	7.000000000E-01	2.277900000E-02
1.476300000E+01	8.000000000E-01	2.264800000E-02
1.476300000E+01	9.000000000E-01	2.252700000E-02
1.476300000E+01	1.000000000E+00	2.241900000E-02
1.581500000E+01	0.000000000E+00	2.356600000E-02
1.581500000E+01	1.000000000E-01	2.345200000E-02
1.581500000E+01	2.000000000E-01	2.332500000E-02
1.581500000E+01	3.000000000E-01	2.318800000E-02
1.581500000E+01	4.000000000E-01	2.304300000E-02
1.581500000E+01	5.000000000E-01	2.289500000E-02
1.581500000E+01	6.000000000E-01	2.274900000E-02
1.581500000E+01	7.000000000E-01	2.260900000E-02
1.581500000E+01	8.000000000E-01	2.247900000E-02
1.581500000E+01	9.000000000E-01	2.235900000E-02
1.581500000E+01	1.000000000E+00	2.225200000E-02
1.692800000E+01	0.000000000E+00	2.338400000E-02
1.692800000E+01	1.000000000E-01	2.327100000E-02
1.692800000E+01	2.000000000E-01	2.314600000E-02
1.692800000E+01	3.000000000E-01	2.301100000E-02
1.692800000E+01	4.000000000E-01	2.286800000E-02
1.692800000E+01	5.000000000E-01	2.272200000E-02
1.692800000E+01	6.000000000E-01	2.257800000E-02
1.692800000E+01	7.000000000E-01	2.243900000E-02
1.692800000E+01	8.000000000E-01	2.231000000E-02
1.692800000E+01	9.000000000E-01	2.219200000E-02
1.692800000E+01	1.000000000E+00	2.208400000E-02
1.810500000E+01	0.000000000E+00	2.320300000E-02
1.810500000E+01	1.000000000E-01	2.309000000E-02
1.810500000E+01	2.000000000E-01	2.296700000E-02
1.810500000E+01	3.000000000E-01	2.283400000E-02
1.810500000E+01	4.000000000E-01	2.269300000E-02
1.810500000E+01	5.000000000E-01	2.254900000E-02
1.810500000E+01	6.000000000E-01	2.240600000E-02
1.810500000E+01	7.000000000E-01	2.226900000E-02
1.810500000E+01	8.000000000E-01	2.214100000E-02
1.810500000E+01	9.000000000E-01	2.202400000E-02
1.810500000E+01	1.000000000E+00	2.191700000E-02
1.934900000E+01	0.000000000E+00	2.302100000E-02
1.934900000E+01	1.000000000E-01	2.291000000E-02
1.934900000E+01	2.000000000E-01	2.278900000E-02
1.934900000E+01	3.000000000E-01	2.265700000E-02
1.934900000E+01	4.000000000E-01	2.251800000E-02
1.934900000E+01	5.000000000E-01	2.237600000E-02
1.934900000E+01	6.000000000E-01	2.223500000E-02
1.934900000E+01	7.000000000E-01	2.209900000E-02
1.934900000E+01	8.000000000E-01	2.197300000E-02
1.934900000E+01	9.000000000E-01	2.185600000E-02
1.934900000E+01	1.000000000E+00	2.175000000E-02
2.066200000E+01	0.000000000E+00	2.284000000E-02
2.066200000E+01	1.000000000E-01	2.273000000E-02
2.066200000E+01	2.000000000E-01	2.261000000E-02
2.066200000E+01	3.000000000E-01	2.248000000E-02
2.066200000E+01	4.000000000E-01	2.234300000E-02
2.066200000E+01	5.000000000E-01	2.220300000E-02
2.066200000E+01	6.000000000E-01	2.206400000E-02
2.066200000E+01	7.000000000E-01	2.193000000E-02
2.066200000E+01	8.000000000E-01	2.180400000E-02
2.066200000E+01	9.000000000E-01	2.168900000E-02
2.066200000E+01	1.000000000E+00	2.158300000E-02
2.204800000E+01	0.000000000E+00	2.265900000E-02
2.204800000E+01	1.000000000E-01	2.255100000E-02
2.204800000E+01	2.000000000E-01	2.243200000E-02
2.204800000E+01	3.000000000E-01	2.230400000E-02
2.204800000E+01	4.000000000E-01	2.216900000E-02
2.204800000E+01	5.000000000E-01	2.203000000E-02
2.204800000E+01	6.000000000E-01	2.189200000E-02
2.204800000E+01	7.000000000E-01	2.176000000E-02
2.204800000E+01	8.000000000E-01	2.163600000E-02
2.204800000E+01	9.000000000E-01	2.152100000E-02
2.204800000E+01	1.000000000E+00	2.141700000E-02
2.350900000E+01	0.000000000E+00	2.247800000E-02
2.350900000E+01	1.000000000E-01	2.237100000E-02
2.350900000E+01	2.000000000E-01	2.225400000E-02
2.350900000E+01	3.000000000E-01	2.212800000E-02
2.350900000E+01	4.000000000E-01	2.199400000E-02
2.350900000E+01	5.000000000E-01	2.185700000E-02
2.350900000E+01	6.000000000E-01	2.172200000E-02
2.350900000E+01	7.000000000E-01	2.159100000E-02
2.350900000E+01	8.000000000E-01	2.146700000E-02
2.350900000E+01	9.000000000E-01	2.135400000E-02
2.350900000E+01	1.000000000E+00	2.125000000E-02
2.504800000E+01	0.000000000E+00	2.229800000E-02
2.504800000E+01	1.000000000E-01	2.219200000E-02
2.504800000E+01	2.000000000E-01	2.207700000E-02
2.504800000E+01	3.000000000E-01	2.195200000E-02
2.504800000E+01	4.000000000E-01	2.182000000E-02
2.504800000E+01	5.000000000E-01	2.168500000E-02
2.504800000E+01	6.000000000E-01	2.155100000E-02
2.504800000E+01	7.000000000E-01	2.142100000E-02
2.504800000E+01	8.000000000E-01	2.129900000E-02
2.504800000E+01	9.000000000E-01	2.118700000E-02
2.504800000E+01	1.000000000E+00	2.108400000E-02
2.666900000E+01	0.000000000E+00	2.211800000E-02
2.666900000E+01	1.000000000E-01	2.201400000E-02
2.666900000E+01	2.000000000E-01	2.189900000E-02
2.666900000E+01	3.000000000E-01	2.177600000E-02
2.666900000E+01	4.000000000E-01	2.164600000E-02
2.666900000E+01	5.000000000E-01	2.151300000E-02
2.666900000E+01	6.000000000E-01	2.138000000E-02
2.666900000E+01	7.000000000E-01	2.125200000E-02
2.666900000E+01	8.000000000E-01	2.113100000E-02
2.666900000E+01	9.000000000E-01	2.102000000E-02
2.666900000E+01	1.000000000E+00	2.091700000E-02
2.837500000E+01	0.000000000E+00	2.193800000E-02
2.837500000E+01	1.000000000E-01	2.183500000E-02
2.837500000E+01	2.000000000E-01	2.172200000E-02
2.837500000E+01	3.000000000E-01	2.160100000E-02
2.837500000E+01	4.000000000E-01	2.147200000E-02
2.837500000E+01	5.000000000E-01	2.134100000E-02
2.837500000E+01	6.000000000E-01	2.121000000E-02
2.837500000E+01	7.000000000E-01	2.108300000E-02
2.837500000E+01	8.000000000E-01	2.096400000E-02
2.837500000E+01	9.000000000E-01	2.085300000E-02
2.837500000E+01	1.000000000E+00	2.075100000E-02
3.017000000E+01	0.000000000E+00	2.175900000E-02
3.017000000E+01	1.000000000E-01	2.165700000E-02
3.017000000E+01	2.000000000E-01	2.154500000E-02
3.017000000E+01	3.000000000E-01	2.142500000E-02
3.017000000E+01	4.000000000E-01	2.129900000E-02
3.017000000E+01	5.000000000E-01	2.116900000E-02
3.017000000E+01	6.000000000E-01	2.103900000E-02
3.017000000E+01	7.000000000E-01	2.091400000E-02
3.017000000E+01	8.000000000E-01	2.079600000E-02
3.017000000E+01	9.000000000E-01	2.068600000E-02
3.017000000E+01	1.000000000E+00	2.058500000E-02
3.205500000E+01	0.000000000E+00	2.157900000E-02
3.205500000E+01	1.000000000E-01	2.147900000E-02
3.205500000E+01	2.000000000E-01	2.136900000E-02
3.205500000E+01	3.000000000E-01	2.125000000E-02
3.205500000E+01	4.000000000E-01	2.112500000E-02
3.205500000E+01	5.000000000E-01	2.099700000E-02
3.205500000E+01	6.000000000E-01	2.086900000E-02
3.205500000E+01	7.000000000E-01	2.074500000E-02
3.205500000E+01	8.000000000E-01	2.062800000E-02
3.205500000E+01	9.000000000E-01	2.051900000E-02
3.205500000E+01	1.000000000E+00	2.041900000E-02
3.403600000E+01	0.000000000E+00	2.140100000E-02
3.403600000E+01	1.000000000E-01	2.130100000E-02
3.403600000E+01	2.000000000E-01	2.119200000E-02
3.403600000E+01	3.000000000E-01	2.107500000E-02
3.403600000E+01	4.000000000E-01	2.095200000E-02
3.403600000E+01	5.000000000E-01	2.082500000E-02
3.403600000E+01	6.000000000E-01	2.069900000E-02
3.403600000E+01	7.000000000E-01	2.057700000E-02
3.403600000E+01	8.000000000E-01	2.046100000E-02
3.403600000E+01	9.000000000E-01	2.035300000E-02
3.403600000E+01	1.000000000E+00	2.025400000E-02
3.611500000E+01	0.000000000E+00	2.122200000E-02
3.611500000E+01	1.000000000E-01	2.112400000E-02
3.611500000E+01	2.000000000E-01	2.101600000E-02
3.611500000E+01	3.000000000E-01	2.090100000E-02
3.611500000E+01	4.000000000E-01	2.077900000E-02
3.611500000E+01	5.000000000E-01	2.065400000E-02
3.611500000E+01	6.000000000E-01	2.052900000E-02
3.611500000E+01	7.000000000E-01	2.040800000E-02
3.611500000E+01	8.000000000E-01	2.029400000E-02
3.611500000E+01	9.000000000E-01	2.018700000E-02
3.611500000E+01	1.000000000E+00	2.008800000E-02
3.829600000E+01	0.000000000E+00	2.104400000E-02
3.829600000E+01	1.000000000E-01	2.094700000E-02
3.829600000E+01	2.000000000E-01	2.084100000E-02
3.829600000E+01	3.000000000E-01	2.072600000E-02
3.829600000E+01	4.000000000E-01	2.060600000E-02
3.829600000E+01	5.000000000E-01	2.048300000E-02
3.829600000E+01	6.000000000E-01	2.036000000E-02
3.829600000E+01	7.000000000E-01	2.024000000E-02
3.829600000E+01	8.000000000E-01	2.012600000E-02
3.829600000E+01	9.000000000E-01	2.002000000E-02
3.829600000E+01	1.000000000E+00	1.992300000E-02
4.058300000E+01	0.000000000E+00	2.086600000E-02
4.058300000E+01	1.000000000E-01	2.077000000E-02
4.058300000E+01	2.000000000E-01	2.066500000E-02
4.058300000E+01	3.000000000E-01	2.055200000E-02
4.058300000E+01	4.000000000E-01	2.043400000E-02
4.058300000E+01	5.000000000E-01	2.031200000E-02
4.058300000E+01	6.000000000E-01	2.019000000E-02
4.058300000E+01	7.000000000E-01	2.007200000E-02
4.058300000E+01	8.000000000E-01	1.996000000E-02
4.058300000E+01	9.000000000E-01	1.985400000E-02
4.058300000E+01	1.000000000E+00	1.975700000E-02
4.297900000E+01	0.000000000E+00	2.068800000E-02
4.297900000E+01	1.000000000E-01	2.059300000E-02
4.297900000E+01	2.000000000E-01	2.049000000E-02
4.297900000E+01	3.000000000E-01	2.037800000E-02
4.297900000E+01	4.000000000E-01	2.026100000E-02
4.297900000E+01	5.000000000E-01	2.014100000E-02
4.297900000E+01	6.000000000E-01	2.002100000E-02
4.297900000E+01	7.000000000E-01	1.990400000E-02
4.297900000E+01	8.000000000E-01	1.979300000E-02
4.297900000E+01	9.000000000E-01	1.968900000E-02
4.297900000E+01	1.000000000E+00	1.959200000E-02
4.548800000E+01	0.000000000E+00	2.051100000E-02
4.548800000E+01	1.000000000E-01	2.041700000E-02
4.548800000E+01	2.000000000E-01	2.031500000E-02
4.548800000E+01	3.000000000E-01	2.020500000E-02
4.548800000E+01	4.000000000E-01	2.008900000E-02
4.548800000E+01	5.000000000E-01	1.997000000E-02
4.548800000E+01	6.000000000E-01	1.985200000E-02
4.548800000E+01	7.000000000E-01	1.973600000E-02
4.548800000E+01	8.000000000E-01	1.962600000E-02
4.548800000E+01	9.000000000E-01	1.952300000E-02
4.548800000E+01	1.000000000E+00	1.942700000E-02
4.811500000E+01	0.000000000E+00	2.033400000E-02
4.811500000E+01	1.000000000E-01	2.024100000E-02
4.811500000E+01	2.000000000E-01	2.014000000E-02
4.811500000E+01	3.000000000E-01	2.003100000E-02
4.811500000E+01	4.000000000E-01	1.991700000E-02
4.811500000E+01	5.000000000E-01	1.980000000E-02
4.811500000E+01	6.000000000E-01	1.968300000E-02
4.811500000E+01	7.000000000E-01	1.956900000E-02
4.811500000E+01	8.000000000E-01	1.946000000E-02
4.811500000E+01	9.000000000E-01	1.935700000E-02
4.811500000E+01	1.000000000E+00	1.926300000E-02
5.086200000E+01	0.000000000E+00	2.015700000E-02
5.086200000E+01	1.000000000E-01	2.006500000E-02
5.086200000E+01	2.000000000E-01	1.996500000E-02
5.086200000E+01	3.000000000E-01	1.985800000E-02
5.086200000E+01	4.000000000E-01	1.974600000E-02
5.086200000E+01	5.000000000E-01	1.963000000E-02
5.086200000E+01	6.000000000E-01	1.951400000E-02
5.086200000E+01	7.000000000E-01	1.940100000E-02
5.086200000E+01	8.000000000E-01	1.929300000E-02
5.086200000E+01	9.000000000E-01	1.919200000E-02
5.086200000E+01	1.000000000E+00	1.909800000E-02
5.373500000E+01	0.000000000E+00	1.998100000E-02
5.373500000E+01	1.000000000E-01	1.989000000E-02
5.373500000E+01	2.000000000E-01	1.979100000E-02
5.373500000E+01	3.000000000E-01	1.968500000E-02
5.373500000E+01	4.000000000E-01	1.957400000E-02
5.373500000E+01	5.000000000E-01	1.946000000E-02
5.373500000E+01	6.000000000E-01	1.934600000E-02
5.373500000E+01	7.000000000E-01	1.923400000E-02
5.373500000E+01	8.000000000E-01	1.912700000E-02
5.373500000E+01	9.000000000E-01	1.902700000E-02
5.373500000E+01	1.000000000E+00	1.893400000E-02
5.673700000E+01	0.000000000E+00	1.980500000E-02
5.673700000E+01	1.000000000E-01	1.971500000E-02
5.673700000E+01	2.000000000E-01	1.961700000E-02
5.673700000E+01	3.000000000E-01	1.951300000E-02
5.673700000E+01	4.000000000E-01	1.940300000E-02
5.673700000E+01	5.000000000E-01	1.929000000E-02
5.673700000E+01	6.000000000E-01	1.917700000E-02
5.673700000E+01	7.000000000E-01	1.906700000E-02
5.673700000E+01	8.000000000E-01	1.896100000E-02
5.673700000E+01	9.000000000E-01	1.886200000E-02
5.673700000E+01	1.000000000E+00	1.877000000E-02
5.987200000E+01	0.000000000E+00	1.962900000E-02
5.987200000E+01	1.000000000E-01	1.954000000E-02
5.987200000E+01	2.000000000E-01	1.944400000E-02
5.987200000E+01	3.000000000E-01	1.934000000E-02
5.987200000E+01	4.000000000E-01	1.923200000E-02
5.987200000E+01	5.000000000E-01	1.912100000E-02
5.987200000E+01	6.000000000E-01	1.900900000E-02
5.987200000E+01	7.000000000E-01	1.890000000E-02
5.987200000E+01	8.000000000E-01	1.879600000E-02
5.987200000E+01	9.000000000E-01	1.869700000E-02
5.987200000E+01	1.000000000E+00	1.860600000E-02
6.314400000E+01	0.000000000E+00	1.945300000E-02
6.314400000E+01	1.000000000E-01	1.936600000E-02
6.314400000E+01	2.000000000E-01	1.927000000E-02
6.314400000E+01	3.000000000E-01	1.916800000E-02
6.314400000E+01	4.000000000E-01	1.906100000E-02
6.314400000E+01	5.000000000E-01	1.895100000E-02
6.314400000E+01	6.000000000E-01	1.884100000E-02
6.314400000E+01	7.000000000E-01	1.873400000E-02
6.314400000E+01	8.000000000E-01	1.863000000E-02
6.314400000E+01	9.000000000E-01	1.853300000E-02
6.314400000E+01	1.000000000E+00	1.844200000E-02
6.655900000E+01	0.000000000E+00	1.927800000E-02
6.655900000E+01	1.000000000E-01	1.919200000E-02
6.655900000E+01	2.000000000E-01	1.909700000E-02
6.655900000E+01	3.000000000E-01	1.899700000E-02
6.655900000E+01	4.000000000E-01	1.889100000E-02
6.655900000E+01	5.000000000E-01	1.878200000E-02
6.655900000E+01	6.000000000E-01	1.867400000E-02
6.655900000E+01	7.000000000E-01	1.856700000E-02
6.655900000E+01	8.000000000E-01	1.846500000E-02
6.655900000E+01	9.000000000E-01	1.836800000E-02
6.655900000E+01	1.000000000E+00	1.827800000E-02
7.011900000E+01	0.000000000E+00	1.910300000E-02
7.011900000E+01	1.000000000E-01	1.901800000E-02
7.011900000E+01	2.000000000E-01	1.892500000E-02
7.011900000E+01	3.000000000E-01	1.882500000E-02
7.011900000E+01	4.000000000E-01	1.872100000E-02
7.011900000E+01	5.000000000E-01	1.861400000E-02
7.011900000E+01	6.000000000E-01	1.850600000E-02
7.011900000E+01	7.000000000E-01	1.840100000E-02
7.011900000E+01	8.000000000E-01	1.830000000E-02
7.011900000E+01	9.000000000E-01	1.820400000E-02
7.011900000E+01	1.000000000E+00	1.811500000E-02
7.383100000E+01	0.000000000E+00	1.892900000E-02
7.383100000E+01	1.000000000E-01	1.884400000E-02
7.383100000E+01	2.000000000E-01	1.875200000E-02
7.383100000E+01	3.000000000E-01	1.865400000E-02
7.383100000E+01	4.000000000E-01	1.855100000E-02
7.383100000E+01	5.000000000E-01	1.844500000E-02
7.383100000E+01	6.000000000E-01	1.833900000E-02
7.383100000E+01	7.000000000E-01	1.823500000E-02
7.383100000E+01	8.000000000E-01	1.813500000E-02
7.383100000E+01	9.000000000E-01	1.804000000E-02
7.383100000E+01	1.000000000E+00	1.795200000E-02
7.769700000E+01	0.000000000E+00	1.875500000E-02
7.769700000E+01	1.000000000E-01	1.867100000E-02
7.769700000E+01	2.000000000E-01	1.858000000E-02
7.769700000E+01	3.000000000E-01	1.848300000E-02
7.769700000E+01	4.000000000E-01	1.838100000E-02
7.769700000E+01	5.000000000E-01	1.827700000E-02
7.769700000E+01	6.000000000E-01	1.817200000E-02
7.769700000E+01	7.000000000E-01	1.806900000E-02
7.769700000E+01	8.000000000E-01	1.797000000E-02
7.769700000E+01	9.000000000E-01	1.787600000E-02
7.769700000E+01	1.000000000E+00	1.778900000E-02
8.172300000E+01	0.000000000E+00	1.858100000E-02
8.172300000E+01	1.000000000E-01	1.849800000E-02
8.172300000E+01	2.000000000E-01	1.840800000E-02
8.172300000E+01	3.000000000E-01	1.831200000E-02
8.172300000E+01	4.000000000E-01	1.821200000E-02
8.172300000E+01	5.000000000E-01	1.810900000E-02
8.172300000E+01	6.000000000E-01	1.800500000E-02
8.172300000E+01	7.000000000E-01	1.790400000E-02
8.172300000E+01	8.000000000E-01	1.780600000E-02
8.172300000E+01	9.000000000E-01	1.771300000E-02
8.172300000E+01	1.000000000E+00	1.762600000E-02
8.591400000E+01	0.000000000E+00	1.840700000E-02
8.591400000E+01	1.000000000E-01	1.832500000E-02
8.591400000E+01	2.000000000E-01	1.823700000E-02
8.591400000E+01	3.000000000E-01	1.814200000E-02
8.591400000E+01	4.000000000E-01	1.804300000E-02
8.591400000E+01	5.000000000E-01	1.794100000E-02
8.591400000E+01	6.000000000E-01	1.783900000E-02
8.591400000E+01	7.000000000E-01	1.773800000E-02
8.591400000E+01	8.000000000E-01	1.764100000E-02
8.591400000E+01	9.000000000E-01	1.755000000E-02
8.591400000E+01	1.000000000E+00	1.746300000E-02
9.027400000E+01	0.000000000E+00	1.823400000E-02
9.027400000E+01	1.000000000E-01	1.815300000E-02
9.027400000E+01	2.000000000E-01	1.806500000E-02
9.027400000E+01	3.000000000E-01	1.797200000E-02
9.027400000E+01	4.000000000E-01	1.787400000E-02
9.027400000E+01	5.000000000E-01	1.777300000E-02
9.027400000E+01	6.000000000E-01	1.767200000E-02
9.027400000E+01	7.000000000E-01	1.757300000E-02
9.027400000E+01	8.000000000E-01	1.747700000E-02
9.027400000E+01	9.000000000E-01	1.738600000E-02
9.027400000E+01	1.000000000E+00	1.730100000E-02
9.480800000E+01	0.000000000E+00	1.806100000E-02
9.480800000E+01	1.000000000E-01	1.798100000E-02
9.480800000E+01	2.000000000E-01	1.789400000E-02
9.480800000E+01	3.000000000E-01	1.780200000E-02
9.480800000E+01	4.000000000E-01	1.770500000E-02
9.480800000E+01	5.000000000E-01	1.760600000E-02
9.480800000E+01	6.000000000E-01	1.750600000E-02
9.480800000E+01	7.000000000E-01	1.740800000E-02
9.480800000E+01	8.000000000E-01	1.731300000E-02
9.480800000E+01	9.000000000E-01	1.722300000E-02
9.480800000E+01	1.000000000E+00	1.713900000E-02
9.952000000E+01	0.000000000E+00	1.788900000E-02
9.952000000E+01	1.000000000E-01	1.781000000E-02
9.952000000E+01	2.000000000E-01	1.772400000E-02
9.952000000E+01	3.000000000E-01	1.763200000E-02
9.952000000E+01	4.000000000E-01	1.753700000E-02
9.952000000E+01	5.000000000E-01	1.743900000E-02
9.952000000E+01	6.000000000E-01	1.734000000E-02
9.952000000E+01	7.000000000E-01	1.724400000E-02
9.952000000E+01	8.000000000E-01	1.715000000E-02
9.952000000E+01	9.000000000E-01	1.706100000E-02
9.952000000E+01	1.000000000E+00	1.697700000E-02
1.044200000E+02	0.000000000E+00	1.771700000E-02
1.044200000E+02	1.000000000E-01	1.763800000E-02
1.044200000E+02	2.000000000E-01	1.755300000E-02
1.044200000E+02	3.000000000E-01	1.746300000E-02
1.044200000E+02	4.000000000E-01	1.736900000E-02
1.044200000E+02	5.000000000E-01	1.727200000E-02
1.044200000E+02	6.000000000E-01	1.717500000E-02
1.044200000E+02	7.000000000E-01	1.707900000E-02
1.044200000E+02	8.000000000E-01	1.698600000E-02
1.044200000E+02	9.000000000E-01	1.689800000E-02
1.044200000E+02	1.000000000E+00	1.681500000E-02
1.095000000E+02	0.000000000E+00	1.754500000E-02
1.095000000E+02	1.000000000E-01	1.746700000E-02
1.095000000E+02	2.000000000E-01	1.738300000E-02
1.095000000E+02	3.000000000E-01	1.729400000E-02
1.095000000E+02	4.000000000E-01	1.720100000E-02
1.095000000E+02	5.000000000E-01	1.710600000E-02
1.095000000E+02	6.000000000E-01	1.701000000E-02
1.095000000E+02	7.000000000E-01	1.691500000E-02
1.095000000E+02	8.000000000E-01	1.682300000E-02
1.095000000E+02	9.000000000E-01	1.673600000E-02
1.095000000E+02	1.000000000E+00	1.665400000E-02
1.147800000E+02	0.000000000E+00	1.737300000E-02
1.147800000E+02	1.000000000E-01	1.729700000E-02
1.147800000E+02	2.000000000E-01	1.721400000E-02
1.147800000E+02	3.000000000E-01	1.712600000E-02
1.147800000E+02	4.000000000E-01	1.703400000E-02
1.147800000E+02	5.000000000E-01	1.693900000E-02
1.147800000E+02	6.000000000E-01	1.684400000E-02
1.147800000E+02	7.000000000E-01	1.675100000E-02
1.147800000E+02	8.000000000E-01	1.666100000E-02
1.147800000E+02	9.000000000E-01	1.657400000E-02
1.147800000E+02	1.000000000E+00	1.649300000E-02
1.202600000E+02	0.000000000E+00	1.720200000E-02
1.202600000E+02	1.000000000E-01	1.712600000E-02
1.202600000E+02	2.000000000E-01	1.704400000E-02
1.202600000E+02	3.000000000E-01	1.695700000E-02
1.202600000E+02	4.000000000E-01	1.686600000E-02
1.202600000E+02	5.000000000E-01	1.677300000E-02
1.202600000E+02	6.000000000E-01	1.668000000E-02
1.202600000E+02	7.000000000E-01	1.658700000E-02
1.202600000E+02	8.000000000E-01	1.649800000E-02
1.202600000E+02	9.000000000E-01	1.641200000E-02
1.202600000E+02	1.000000000E+00	1.633200000E-02
1.259400000E+02	0.000000000E+00	1.703200000E-02
1.259400000E+02	1.000000000E-01	1.695600000E-02
1.259400000E+02	2.000000000E-01	1.687500000E-02
1.259400000E+02	3.000000000E-01	1.678900000E-02
1.259400000E+02	4.000000000E-01	1.670000000E-02
1.259400000E+02	5.000000000E-01	1.660800000E-02
1.259400000E+02	6.000000000E-01	1.651500000E-02
1.259400000E+02	7.000000000E-01	1.642400000E-02
1.259400000E+02	8.000000000E-01	1.633500000E-02
1.259400000E+02	9.000000000E-01	1.625100000E-02
1.259400000E+02	1.000000000E+00	1.617100000E-02
1.318300000E+02	0.000000000E+00	1.686100000E-02
1.318300000E+02	1.000000000E-01	1.678700000E-02
1.318300000E+02	2.000000000E-01	1.670700000E-02
1.318300000E+02	3.000000000E-01	1.662200000E-02
1.318300000E+02	4.000000000E-01	1.653300000E-02
1.318300000E+02	5.000000000E-01	1.644200000E-02
1.318300000E+02	6.000000000E-01	1.635100000E-02
1.318300000E+02	7.000000000E-01	1.626100000E-02
1.318300000E+02	8.000000000E-01	1.617300000E-02
1.318300000E+02	9.000000000E-01	1.609000000E-02
1.318300000E+02	1.000000000E+00	1.601000000E-02
1.379300000E+02	0.000000000E+00	1.669100000E-02
1.379300000E+02	1.000000000E-01	1.661700000E-02
1.379300000E+02	2.000000000E-01	1.653800000E-02
1.379300000E+02	3.000000000E-01	1.645400000E-02
1.379300000E+02	4.000000000E-01	1.636700000E-02
1.379300000E+02	5.000000000E-01	1.627700000E-02
1.379300000E+02	6.000000000E-01	1.618700000E-02
1.379300000E+02	7.000000000E-01	1.609800000E-02
1.379300000E+02	8.000000000E-01	1.601200000E-02
1.379300000E+02	9.000000000E-01	1.592900000E-02
1.379300000E+02	1.000000000E+00	1.585000000E-02
1.442600000E+02	0.000000000E+00	1.652100000E-02
1.442600000E+02	1.000000000E-01	1.644800000E-02
1.442600000E+02	2.000000000E-01	1.637000000E-02
1.442600000E+02	3.000000000E-01	1.628700000E-02
1.442600000E+02	4.000000000E-01	1.620100000E-02
1.442600000E+02	5.000000000E-01	1.611200000E-02
1.442600000E+02	6.000000000E-01	1.602300000E-02
1.442600000E+02	7.000000000E-01	1.593500000E-02
1.442600000E+02	8.000000000E-01	1.585000000E-02
1.442600000E+02	9.000000000E-01	1.576800000E-02
1.442600000E+02	1.000000000E+00	1.569000000E-02
1.508100000E+02	0.000000000E+00	1.635200000E-02
1.508100000E+02	1.000000000E-01	1.628000000E-02
1.508100000E+02	2.000000000E-01	1.620200000E-02
1.508100000E+02	3.000000000E-01	1.612100000E-02
1.508100000E+02	4.000000000E-01	1.603500000E-02
1.508100000E+02	5.000000000E-01	1.594800000E-02
1.508100000E+02	6.000000000E-01	1.586000000E-02
1.508100000E+02	7.000000000E-01	1.577300000E-02
1.508100000E+02	8.000000000E-01	1.568800000E-02
1.508100000E+02	9.000000000E-01	1.560700000E-02
1.508100000E+02	1.000000000E+00	1.553100000E-02
1.575900000E+02	0.000000000E+00	1.618300000E-02
1.575900000E+02	1.000000000E-01	1.611100000E-02
1.575900000E+02	2.000000000E-01	1.603500000E-02
1.575900000E+02	3.000000000E-01	1.595400000E-02
1.575900000E+02	4.000000000E-01	1.587000000E-02
1.575900000E+02	5.000000000E-01	1.578300000E-02
1.575900000E+02	6.000000000E-01	1.569700000E-02
1.575900000E+02	7.000000000E-01	1.561100000E-02
1.575900000E+02	8.000000000E-01	1.552700000E-02
1.575900000E+02	9.000000000E-01	1.544700000E-02
1.575900000E+02	1.000000000E+00	1.537100000E-02
1.646100000E+02	0.000000000E+00	1.601400000E-02
1.646100000E+02	1.000000000E-01	1.594300000E-02
1.646100000E+02	2.000000000E-01	1.586800000E-02
1.646100000E+02	3.000000000E-01	1.578800000E-02
1.646100000E+02	4.000000000E-01	1.570500000E-02
1.646100000E+02	5.000000000E-01	1.561900000E-02
1.646100000E+02	6.000000000E-01	1.553400000E-02
1.646100000E+02	7.000000000E-01	1.544900000E-02
1.646100000E+02	8.000000000E-01	1.536600000E-02
1.646100000E+02	9.000000000E-01	1.528700000E-02
1.646100000E+02	1.000000000E+00	1.521200000E-02
1.718600000E+02	0.000000000E+00	1.584600000E-02
1.718600000E+02	1.000000000E-01	1.577600000E-02
1.718600000E+02	2.000000000E-01	1.570100000E-02
1.718600000E+02	3.000000000E-01	1.562200000E-02
1.718600000E+02	4.000000000E-01	1.554000000E-02
1.718600000E+02	5.000000000E-01	1.545600000E-02
1.718600000E+02	6.000000000E-01	1.537100000E-02
1.718600000E+02	7.000000000E-01	1.528800000E-02
1.718600000E+02	8.000000000E-01	1.520600000E-02
1.718600000E+02	9.000000000E-01	1.512800000E-02
1.718600000E+02	1.000000000E+00	1.505300000E-02
1.793700000E+02	0.000000000E+00	1.567800000E-02
1.793700000E+02	1.000000000E-01	1.560900000E-02
1.793700000E+02	2.000000000E-01	1.553500000E-02
1.793700000E+02	3.000000000E-01	1.545700000E-02
1.793700000E+02	4.000000000E-01	1.537600000E-02
1.793700000E+02	5.000000000E-01	1.529300000E-02
1.793700000E+02	6.000000000E-01	1.520900000E-02
1.793700000E+02	7.000000000E-01	1.512600000E-02
1.793700000E+02	8.000000000E-01	1.504600000E-02
1.793700000E+02	9.000000000E-01	1.496800000E-02
1.793700000E+02	1.000000000E+00	1.489400000E-02
1.871300000E+02	0.000000000E+00	1.551000000E-02
1.871300000E+02	1.000000000E-01	1.544200000E-02
1.871300000E+02	2.000000000E-01	1.536900000E-02
1.871300000E+02	3.000000000E-01	1.529200000E-02
1.871300000E+02	4.000000000E-01	1.521200000E-02
1.871300000E+02	5.000000000E-01	1.513000000E-02
1.871300000E+02	6.000000000E-01	1.504700000E-02
1.871300000E+02	7.000000000E-01	1.496500000E-02
1.871300000E+02	8.000000000E-01	1.488600000E-02
1.871300000E+02	9.000000000E-01	1.480900000E-02
1.871300000E+02	1.000000000E+00	1.473600000E-02
1.951500000E+02	0.000000000E+00	1.534300000E-02
1.951500000E+02	1.000000000E-01	1.527500000E-02
1.951500000E+02	2.000000000E-01	1.520300000E-02
1.951500000E+02	3.000000000E-01	1.512700000E-02
1.951500000E+02	4.000000000E-01	1.504800000E-02
1.951500000E+02	5.000000000E-01	1.496700000E-02
1.951500000E+02	6.000000000E-01	1.488500000E-02
1.951500000E+02	7.000000000E-01	1.480500000E-02
1.951500000E+02	8.000000000E-01	1.472600000E-02
1.951500000E+02	9.000000000E-01	1.465000000E-02
1.951500000E+02	1.000000000E+00	1.457800000E-02
2.034300000E+02	0.000000000E+00	1.517600000E-02
2.034300000E+02	1.000000000E-01	1.510900000E-02
2.034300000E+02	2.000000000E-01	1.503800000E-02
2.034300000E+02	3.000000000E-01	1.496300000E-02
2.034300000E+02	4.000000000E-01	1.488500000E-02
2.034300000E+02	5.000000000E-01	1.480500000E-02
2.034300000E+02	6.000000000E-01	1.472400000E-02
2.034300000E+02	7.000000000E-01	1.464400000E-02
2.034300000E+02	8.000000000E-01	1.456700000E-02
2.034300000E+02	9.000000000E-01	1.449200000E-02
2.034300000E+02	1.000000000E+00	1.442000000E-02
2.119800000E+02	0.000000000E+00	1.501000000E-02
2.119800000E+02	1.000000000E-01	1.494400000E-02
2.119800000E+02	2.000000000E-01	1.487300000E-02
2.119800000E+02	3.000000000E-01	1.479900000E-02
2.119800000E+02	4.000000000E-01	1.472200000E-02
2.119800000E+02	5.000000000E-01	1.464300000E-02
2.119800000E+02	6.000000000E-01	1.456300000E-02
2.119800000E+02	7.000000000E-01	1.448400000E-02
2.119800000E+02	8.000000000E-01	1.440700000E-02
2.119800000E+02	9.000000000E-01	1.433300000E-02
2.119800000E+02	1.000000000E+00	1.426300000E-02
2.208100000E+02	0.000000000E+00	1.484400000E-02
2.208100000E+02	1.000000000E-01	1.477800000E-02
2.208100000E+02	2.000000000E-01	1.470800000E-02
2.208100000E+02	3.000000000E-01	1.463500000E-02
2.208100000E+02	4.000000000E-01	1.455900000E-02
2.208100000E+02	5.000000000E-01	1.448100000E-02
2.208100000E+02	6.000000000E-01	1.440200000E-02
2.208100000E+02	7.000000000E-01	1.432500000E-02
2.208100000E+02	8.000000000E-01	1.424900000E-02
2.208100000E+02	9.000000000E-01	1.417500000E-02
2.208100000E+02	1.000000000E+00	1.410500000E-02
2.299200000E+02	0.000000000E+00	1.467800000E-02
2.299200000E+02	1.000000000E-01	1.461300000E-02
2.299200000E+02	2.000000000E-01	1.454400000E-02
2.299200000E+02	3.000000000E-01	1.447200000E-02
2.299200000E+02	4.000000000E-01	1.439600000E-02
2.299200000E+02	5.000000000E-01	1.431900000E-02
2.299200000E+02	6.000000000E-01	1.424200000E-02
2.299200000E+02	7.000000000E-01	1.416500000E-02
2.299200000E+02	8.000000000E-01	1.409000000E-02
2.299200000E+02	9.000000000E-01	1.401800000E-02
2.299200000E+02	1.000000000E+00	1.394800000E-02
2.393200000E+02	0.000000000E+00	1.451300000E-02
2.393200000E+02	1.000000000E-01	1.444800000E-02
2.393200000E+02	2.000000000E-01	1.438000000E-02
2.393200000E+02	3.000000000E-01	1.430900000E-02
2.393200000E+02	4.000000000E-01	1.423400000E-02
2.393200000E+02	5.000000000E-01	1.415800000E-02
2.393200000E+02	6.000000000E-01	1.408200000E-02
2.393200000E+02	7.000000000E-01	1.400600000E-02
2.393200000E+02	8.000000000E-01	1.393200000E-02
2.393200000E+02	9.000000000E-01	1.386000000E-02
2.393200000E+02	1.000000000E+00	1.379200000E-02
2.490200000E+02	0.000000000E+00	1.434700000E-02
2.490200000E+02	1.000000000E-01	1.428400000E-02
2.490200000E+02	2.000000000E-01	1.421700000E-02
2.490200000E+02	3.000000000E-01	1.414600000E-02
2.490200000E+02	4.000000000E-01	1.407300000E-02
2.490200000E+02	5.000000000E-01	1.399800000E-02
2.490200000E+02	6.000000000E-01	1.392200000E-02
2.490200000E+02	7.000000000E-01	1.384700000E-02
2.490200000E+02	8.000000000E-01	1.377400000E-02
2.490200000E+02	9.000000000E-01	1.370300000E-02
2.490200000E+02	1.000000000E+00	1.363500000E-02
2.590100000E+02	0.000000000E+00	1.418300000E-02
2.590100000E+02	1.000000000E-01	1.412000000E-02
2.590100000E+02	2.000000000E-01	1.405400000E-02
2.590100000E+02	3.000000000E-01	1.398400000E-02
2.590100000E+02	4.000000000E-01	1.391100000E-02
2.590100000E+02	5.000000000E-01	1.383700000E-02
2.590100000E+02	6.000000000E-01	1.376300000E-02
2.590100000E+02	7.000000000E-01	1.368900000E-02
2.590100000E+02	8.000000000E-01	1.361600000E-02
2.590100000E+02	9.000000000E-01	1.354600000E-02
2.590100000E+02	1.000000000E+00	1.347900000E-02
2.693200000E+02	0.000000000E+00	1.401900000E-02
2.693200000E+02	1.000000000E-01	1.395700000E-02
2.693200000E+02	2.000000000E-01	1.389100000E-02
2.693200000E+02	3.000000000E-01	1.382200000E-02
2.693200000E+02	4.000000000E-01	1.375000000E-02
2.693200000E+02	5.000000000E-01	1.367700000E-02
2.693200000E+02	6.000000000E-01	1.360300000E-02
2.693200000E+02	7.000000000E-01	1.353000000E-02
2.693200000E+02	8.000000000E-01	1.345900000E-02
2.693200000E+02	9.000000000E-01	1.339000000E-02
2.693200000E+02	1.000000000E+00	1.332300000E-02
2.799300000E+02	0.000000000E+00	1.385500000E-02
2.799300000E+02	1.000000000E-01	1.379300000E-02
2.799300000E+02	2.000000000E-01	1.372800000E-02
2.799300000E+02	3.000000000E-01	1.366000000E-02
2.799300000E+02	4.000000000E-01	1.359000000E-02
2.799300000E+02	5.000000000E-01	1.351700000E-02
2.799300000E+02	6.000000000E-01	1.344500000E-02
2.799300000E+02	7.000000000E-01	1.337300000E-02
2.799300000E+02	8.000000000E-01	1.330200000E-02
2.799300000E+02	9.000000000E-01	1.323400000E-02
2.799300000E+02	1.000000000E+00	1.316800000E-02
2.908600000E+02	0.000000000E+00	1.369100000E-02
2.908600000E+02	1.000000000E-01	1.363100000E-02
2.908600000E+02	2.000000000E-01	1.356600000E-02
2.908600000E+02	3.000000000E-01	1.349900000E-02
2.908600000E+02	4.000000000E-01	1.342900000E-02
2.908600000E+02	5.000000000E-01	1.335800000E-02
2.908600000E+02	6.000000000E-01	1.328600000E-02
2.908600000E+02	7.000000000E-01	1.321500000E-02
2.908600000E+02	8.000000000E-01	1.314600000E-02
2.908600000E+02	9.000000000E-01	1.307800000E-02
2.908600000E+02	1.000000000E+00	1.301300000E-02
3.021200000E+02	0.000000000E+00	1.352800000E-02
3.021200000E+02	1.000000000E-01	1.346800000E-02
3.021200000E+02	2.000000000E-01	1.340500000E-02
3.021200000E+02	3.000000000E-01	1.333800000E-02
3.021200000E+02	4.000000000E-01	1.326900000E-02
3.021200000E+02	5.000000000E-01	1.319900000E-02
3.021200000E+02	6.000000000E-01	1.312800000E-02
3.021200000E+02	7.000000000E-01	1.305800000E-02
3.021200000E+02	8.000000000E-01	1.298900000E-02
3.021200000E+02	9.000000000E-01	1.292200000E-02
3.021200000E+02	1.000000000E+00	1.285800000E-02
3.137100000E+02	0.000000000E+00	1.336600000E-02
3.137100000E+02	1.000000000E-01	1.330600000E-02
3.137100000E+02	2.000000000E-01	1.324400000E-02
3.137100000E+02	3.000000000E-01	1.317800000E-02
3.137100000E+02	4.000000000E-01	1.311000000E-02
3.137100000E+02	5.000000000E-01	1.304000000E-02
3.137100000E+02	6.000000000E-01	1.297100000E-02
3.137100000E+02	7.000000000E-01	1.290100000E-02
3.137100000E+02	8.000000000E-01	1.283300000E-02
3.137100000E+02	9.000000000E-01	1.276700000E-02
3.137100000E+02	1.000000000E+00	1.270400000E-02
3.256400000E+02	0.000000000E+00	1.320300000E-02
3.256400000E+02	1.000000000E-01	1.314500000E-02
3.256400000E+02	2.000000000E-01	1.308300000E-02
3.256400000E+02	3.000000000E-01	1.301800000E-02
3.256400000E+02	4.000000000E-01	1.295100000E-02
3.256400000E+02	5.000000000E-01	1.288200000E-02
3.256400000E+02	6.000000000E-01	1.281300000E-02
3.256400000E+02	7.000000000E-01	1.274500000E-02
3.256400000E+02	8.000000000E-01	1.267800000E-02
3.256400000E+02	9.000000000E-01	1.261200000E-02
3.256400000E+02	1.000000000E+00	1.255000000E-02
3.379200000E+02	0.000000000E+00	1.304200000E-02
3.379200000E+02	1.000000000E-01	1.298400000E-02
3.379200000E+02	2.000000000E-01	1.292200000E-02
3.379200000E+02	3.000000000E-01	1.285800000E-02
3.379200000E+02	4.000000000E-01	1.279200000E-02
3.379200000E+02	5.000000000E-01	1.272400000E-02
3.379200000E+02	6.000000000E-01	1.265600000E-02
3.379200000E+02	7.000000000E-01	1.258900000E-02
3.379200000E+02	8.000000000E-01	1.252200000E-02
3.379200000E+02	9.000000000E-01	1.245800000E-02
3.379200000E+02	1.000000000E+00	1.239600000E-02
3.505400000E+02	0.000000000E+00	1.288000000E-02
3.505400000E+02	1.000000000E-01	1.282300000E-02
3.505400000E+02	2.000000000E-01	1.276200000E-02
3.505400000E+02	3.000000000E-01	1.269900000E-02
3.505400000E+02	4.000000000E-01	1.263300000E-02
3.505400000E+02	5.000000000E-01	1.256700000E-02
3.505400000E+02	6.000000000E-01	1.250000000E-02
3.505400000E+02	7.000000000E-01	1.243300000E-02
3.505400000E+02	8.000000000E-01	1.236700000E-02
3.505400000E+02	9.000000000E-01	1.230400000E-02
3.505400000E+02	1.000000000E+00	1.224200000E-02
3.635200000E+02	0.000000000E+00	1.271900000E-02
3.635200000E+02	1.000000000E-01	1.266200000E-02
3.635200000E+02	2.000000000E-01	1.260200000E-02
3.635200000E+02	3.000000000E-01	1.254000000E-02
3.635200000E+02	4.000000000E-01	1.247500000E-02
3.635200000E+02	5.000000000E-01	1.241000000E-02
3.635200000E+02	6.000000000E-01	1.234300000E-02
3.635200000E+02	7.000000000E-01	1.227700000E-02
3.635200000E+02	8.000000000E-01	1.221300000E-02
3.635200000E+02	9.000000000E-01	1.215000000E-02
3.635200000E+02	1.000000000E+00	1.208900000E-02
3.768700000E+02	0.000000000E+00	1.255900000E-02
3.768700000E+02	1.000000000E-01	1.250200000E-02
3.768700000E+02	2.000000000E-01	1.244300000E-02
3.768700000E+02	3.000000000E-01	1.238100000E-02
3.768700000E+02	4.000000000E-01	1.231800000E-02
3.768700000E+02	5.000000000E-01	1.225300000E-02
3.768700000E+02	6.000000000E-01	1.218700000E-02
3.768700000E+02	7.000000000E-01	1.212200000E-02
3.768700000E+02	8.000000000E-01	1.205800000E-02
3.768700000E+02	9.000000000E-01	1.199600000E-02
3.768700000E+02	1.000000000E+00	1.193600000E-02
3.905900000E+02	0.000000000E+00	1.239800000E-02
3.905900000E+02	1.000000000E-01	1.234300000E-02
3.905900000E+02	2.000000000E-01	1.228400000E-02
3.905900000E+02	3.000000000E-01	1.222300000E-02
3.905900000E+02	4.000000000E-01	1.216000000E-02
3.905900000E+02	5.000000000E-01	1.209600000E-02
3.905900000E+02	6.000000000E-01	1.203200000E-02
3.905900000E+02	7.000000000E-01	1.196800000E-02
3.905900000E+02	8.000000000E-01	1.190400000E-02
3.905900000E+02	9.000000000E-01	1.184300000E-02
3.905900000E+02	1.000000000E+00	1.178400000E-02
4.046800000E+02	0.000000000E+00	1.223900000E-02
4.046800000E+02	1.000000000E-01	1.218400000E-02
4.046800000E+02	2.000000000E-01	1.212600000E-02
4.046800000E+02	3.000000000E-01	1.206600000E-02
4.046800000E+02	4.000000000E-01	1.200300000E-02
4.046800000E+02	5.000000000E-01	1.194000000E-02
4.046800000E+02	6.000000000E-01	1.187700000E-02
4.046800000E+02	7.000000000E-01	1.181300000E-02
4.046800000E+02	8.000000000E-01	1.175100000E-02
4.046800000E+02	9.000000000E-01	1.169000000E-02
4.046800000E+02	1.000000000E+00	1.163200000E-02
4.191600000E+02	0.000000000E+00	1.207900000E-02
4.191600000E+02	1.000000000E-01	1.202500000E-02
4.191600000E+02	2.000000000E-01	1.196800000E-02
4.191600000E+02	3.000000000E-01	1.190800000E-02
4.191600000E+02	4.000000000E-01	1.184700000E-02
4.191600000E+02	5.000000000E-01	1.178500000E-02
4.191600000E+02	6.000000000E-01	1.172200000E-02
4.191600000E+02	7.000000000E-01	1.165900000E-02
4.191600000E+02	8.000000000E-01	1.159800000E-02
4.191600000E+02	9.000000000E-01	1.153800000E-02
4.191600000E+02	1.000000000E+00	1.148000000E-02
4.340300000E+02	0.000000000E+00	1.192000000E-02
4.340300000E+02	1.000000000E-01	1.186700000E-02
4.340300000E+02	2.000000000E-01	1.181000000E-02
4.340300000E+02	3.000000000E-01	1.175100000E-02
4.340300000E+02	4.000000000E-01	1.169100000E-02
4.340300000E+02	5.000000000E-01	1.162900000E-02
4.340300000E+02	6.000000000E-01	1.156700000E-02
4.340300000E+02	7.000000000E-01	1.150600000E-02
4.340300000E+02	8.000000000E-01	1.144500000E-02
4.340300000E+02	9.000000000E-01	1.138600000E-02
4.340300000E+02	1.000000000E+00	1.132900000E-02
4.492900000E+02	0.000000000E+00	1.176200000E-02
4.492900000E+02	1.000000000E-01	1.170900000E-02
4.492900000E+02	2.000000000E-01	1.165300000E-02
4.492900000E+02	3.000000000E-01	1.159500000E-02
4.492900000E+02	4.000000000E-01	1.153500000E-02
4.492900000E+02	5.000000000E-01	1.147400000E-02
4.492900000E+02	6.000000000E-01	1.141300000E-02
4.492900000E+02	7.000000000E-01	1.135300000E-02
4.492900000E+02	8.000000000E-01	1.129300000E-02
4.492900000E+02	9.000000000E-01	1.123400000E-02
4.492900000E+02	1.000000000E+00	1.117800000E-02
4.649600000E+02	0.000000000E+00	1.160400000E-02
4.649600000E+02	1.000000000E-01	1.155100000E-02
4.649600000E+02	2.000000000E-01	1.149600000E-02
4.649600000E+02	3.000000000E-01	1.143900000E-02
4.649600000E+02	4.000000000E-01	1.138000000E-02
4.649600000E+02	5.000000000E-01	1.132000000E-02
4.649600000E+02	6.000000000E-01	1.126000000E-02
4.649600000E+02	7.000000000E-01	1.120000000E-02
4.649600000E+02	8.000000000E-01	1.114100000E-02
4.649600000E+02	9.000000000E-01	1.108300000E-02
4.649600000E+02	1.000000000E+00	1.102700000E-02
4.810500000E+02	0.000000000E+00	1.144600000E-02
4.810500000E+02	1.000000000E-01	1.139400000E-02
4.810500000E+02	2.000000000E-01	1.134000000E-02
4.810500000E+02	3.000000000E-01	1.128300000E-02
4.810500000E+02	4.000000000E-01	1.122500000E-02
4.810500000E+02	5.000000000E-01	1.116600000E-02
4.810500000E+02	6.000000000E-01	1.110600000E-02
4.810500000E+02	7.000000000E-01	1.104700000E-02
4.810500000E+02	8.000000000E-01	1.098900000E-02
4.810500000E+02	9.000000000E-01	1.093200000E-02
4.810500000E+02	1.000000000E+00	1.087700000E-02
4.975500000E+02	0.000000000E+00	1.128900000E-02
4.975500000E+02	1.000000000E-01	1.123800000E-02
4.975500000E+02	2.000000000E-01	1.118400000E-02
4.975500000E+02	3.000000000E-01	1.112800000E-02
4.975500000E+02	4.000000000E-01	1.107100000E-02
4.975500000E+02	5.000000000E-01	1.101200000E-02
4.975500000E+02	6.000000000E-01	1.095400000E-02
4.975500000E+02	7.000000000E-01	1.089500000E-02
4.975500000E+02	8.000000000E-01	1.083800000E-02
4.975500000E+02	9.000000000E-01	1.078100000E-02
4.975500000E+02	1.000000000E+00	1.072700000E-02
5.144700000E+02	0.000000000E+00	1.113200000E-02
5.144700000E+02	1.000000000E-01	1.108100000E-02
5.144700000E+02	2.000000000E-01	1.102800000E-02
5.144700000E+02	3.000000000E-01	1.097300000E-02
5.144700000E+02	4.000000000E-01	1.091700000E-02
5.144700000E+02	5.000000000E-01	1.085900000E-02
5.144700000E+02	6.000000000E-01	1.080100000E-02
5.144700000E+02	7.000000000E-01	1.074400000E-02
5.144700000E+02	8.000000000E-01	1.068700000E-02
5.144700000E+02	9.000000000E-01	1.063100000E-02
5.144700000E+02	1.000000000E+00	1.057800000E-02
5.318300000E+02	0.000000000E+00	1.097600000E-02
5.318300000E+02	1.000000000E-01	1.092600000E-02
5.318300000E+02	2.000000000E-01	1.087300000E-02
5.318300000E+02	3.000000000E-01	1.081900000E-02
5.318300000E+02	4.000000000E-01	1.076300000E-02
5.318300000E+02	5.000000000E-01	1.070600000E-02
5.318300000E+02	6.000000000E-01	1.064900000E-02
5.318300000E+02	7.000000000E-01	1.059200000E-02
5.318300000E+02	8.000000000E-01	1.053600000E-02
5.318300000E+02	9.000000000E-01	1.048200000E-02
5.318300000E+02	1.000000000E+00	1.042900000E-02
5.496300000E+02	0.000000000E+00	1.082000000E-02
5.496300000E+02	1.000000000E-01	1.077000000E-02
5.496300000E+02	2.000000000E-01	1.071900000E-02
5.496300000E+02	3.000000000E-01	1.066500000E-02
5.496300000E+02	4.000000000E-01	1.061000000E-02
5.496300000E+02	5.000000000E-01	1.055400000E-02
5.496300000E+02	6.000000000E-01	1.049700000E-02
5.496300000E+02	7.000000000E-01	1.044100000E-02
5.496300000E+02	8.000000000E-01	1.038600000E-02
5.496300000E+02	9.000000000E-01	1.033200000E-02
5.496300000E+02	1.000000000E+00	1.028000000E-02
5.678700000E+02	0.000000000E+00	1.066400000E-02
5.678700000E+02	1.000000000E-01	1.061500000E-02
5.678700000E+02	2.000000000E-01	1.056400000E-02
5.678700000E+02	3.000000000E-01	1.051100000E-02
5.678700000E+02	4.000000000E-01	1.045700000E-02
5.678700000E+02	5.000000000E-01	1.040200000E-02
5.678700000E+02	6.000000000E-01	1.034600000E-02
5.678700000E+02	7.000000000E-01	1.029100000E-02
5.678700000E+02	8.000000000E-01	1.023600000E-02
5.678700000E+02	9.000000000E-01	1.018300000E-02
5.678700000E+02	1.000000000E+00	1.013200000E-02
5.865700000E+02	0.000000000E+00	1.050900000E-02
5.865700000E+02	1.000000000E-01	1.046100000E-02
5.865700000E+02	2.000000000E-01	1.041100000E-02
5.865700000E+02	3.000000000E-01	1.035800000E-02
5.865700000E+02	4.000000000E-01	1.030500000E-02
5.865700000E+02	5.000000000E-01	1.025000000E-02
5.865700000E+02	6.000000000E-01	1.019500000E-02
5.865700000E+02	7.000000000E-01	1.014100000E-02
5.865700000E+02	8.000000000E-01	1.008700000E-02
5.865700000E+02	9.000000000E-01	1.003500000E-02
5.865700000E+02	1.000000000E+00	9.983600000E-03
6.057200000E+02	0.000000000E+00	1.035500000E-02
6.057200000E+02	1.000000000E-01	1.030700000E-02
6.057200000E+02	2.000000000E-01	1.025700000E-02
6.057200000E+02	3.000000000E-01	1.020600000E-02
6.057200000E+02	4.000000000E-01	1.015300000E-02
6.057200000E+02	5.000000000E-01	1.009900000E-02
6.057200000E+02	6.000000000E-01	1.004500000E-02
6.057200000E+02	7.000000000E-01	9.991400000E-03
6.057200000E+02	8.000000000E-01	9.938400000E-03
6.057200000E+02	9.000000000E-01	9.886500000E-03
6.057200000E+02	1.000000000E+00	9.836100000E-03
6.253500000E+02	0.000000000E+00	1.020100000E-02
6.253500000E+02	1.000000000E-01	1.015400000E-02
6.253500000E+02	2.000000000E-01	1.010400000E-02
6.253500000E+02	3.000000000E-01	1.005400000E-02
6.253500000E+02	4.000000000E-01	1.000100000E-02
6.253500000E+02	5.000000000E-01	9.948400000E-03
6.253500000E+02	6.000000000E-01	9.895200000E-03
6.253500000E+02	7.000000000E-01	9.842200000E-03
6.253500000E+02	8.000000000E-01	9.789900000E-03
6.253500000E+02	9.000000000E-01	9.738800000E-03
6.253500000E+02	1.000000000E+00	9.689000000E-03
6.454400000E+02	0.000000000E+00	1.004700000E-02
6.454400000E+02	1.000000000E-01	1.000100000E-02
6.454400000E+02	2.000000000E-01	9.952100000E-03
6.454400000E+02	3.000000000E-01	9.901900000E-03
6.454400000E+02	4.000000000E-01	9.850500000E-03
6.454400000E+02	5.000000000E-01	9.798300000E-03
6.454400000E+02	6.000000000E-01	9.745800000E-03
6.454400000E+02	7.000000000E-01	9.693500000E-03
6.454400000E+02	8.000000000E-01	9.642000000E-03
6.454400000E+02	9.000000000E-01	9.591500000E-03
6.454400000E+02	1.000000000E+00	9.542400000E-03
6.660200000E+02	0.000000000E+00	9.894200000E-03
6.660200000E+02	1.000000000E-01	9.848200000E-03
6.660200000E+02	2.000000000E-01	9.800200000E-03
6.660200000E+02	3.000000000E-01	9.750700000E-03
6.660200000E+02	4.000000000E-01	9.699900000E-03
6.660200000E+02	5.000000000E-01	9.648500000E-03
6.660200000E+02	6.000000000E-01	9.596700000E-03
6.660200000E+02	7.000000000E-01	9.545200000E-03
6.660200000E+02	8.000000000E-01	9.494400000E-03
6.660200000E+02	9.000000000E-01	9.444600000E-03
6.660200000E+02	1.000000000E+00	9.396200000E-03
6.870900000E+02	0.000000000E+00	9.741600000E-03
6.870900000E+02	1.000000000E-01	9.696100000E-03
6.870900000E+02	2.000000000E-01	9.648800000E-03
6.870900000E+02	3.000000000E-01	9.599900000E-03
6.870900000E+02	4.000000000E-01	9.549900000E-03
6.870900000E+02	5.000000000E-01	9.499100000E-03
6.870900000E+02	6.000000000E-01	9.448200000E-03
6.870900000E+02	7.000000000E-01	9.397400000E-03
6.870900000E+02	8.000000000E-01	9.347300000E-03
6.870900000E+02	9.000000000E-01	9.298200000E-03
6.870900000E+02	1.000000000E+00	9.250400000E-03
7.086600000E+02	0.000000000E+00	9.589400000E-03
7.086600000E+02	1.000000000E-01	9.544500000E-03
7.086600000E+02	2.000000000E-01	9.497800000E-03
7.086600000E+02	3.000000000E-01	9.449600000E-03
7.086600000E+02	4.000000000E-01	9.400200000E-03
7.086600000E+02	5.000000000E-01	9.350200000E-03
7.086600000E+02	6.000000000E-01	9.300000000E-03
7.086600000E+02	7.000000000E-01	9.250000000E-03
7.086600000E+02	8.000000000E-01	9.200600000E-03
7.086600000E+02	9.000000000E-01	9.152100000E-03
7.086600000E+02	1.000000000E+00	9.105000000E-03
7.307300000E+02	0.000000000E+00	9.437800000E-03
7.307300000E+02	1.000000000E-01	9.393400000E-03
7.307300000E+02	2.000000000E-01	9.347300000E-03
7.307300000E+02	3.000000000E-01	9.299700000E-03
7.307300000E+02	4.000000000E-01	9.251100000E-03
7.307300000E+02	5.000000000E-01	9.201800000E-03
7.307300000E+02	6.000000000E-01	9.152300000E-03
7.307300000E+02	7.000000000E-01	9.103000000E-03
7.307300000E+02	8.000000000E-01	9.054300000E-03
7.307300000E+02	9.000000000E-01	9.006600000E-03
7.307300000E+02	1.000000000E+00	8.960100000E-03
7.533100000E+02	0.000000000E+00	9.286600000E-03
7.533100000E+02	1.000000000E-01	9.242800000E-03
7.533100000E+02	2.000000000E-01	9.197300000E-03
7.533100000E+02	3.000000000E-01	9.150400000E-03
7.533100000E+02	4.000000000E-01	9.102500000E-03
7.533100000E+02	5.000000000E-01	9.053900000E-03
7.533100000E+02	6.000000000E-01	9.005100000E-03
7.533100000E+02	7.000000000E-01	8.956500000E-03
7.533100000E+02	8.000000000E-01	8.908500000E-03
7.533100000E+02	9.000000000E-01	8.861400000E-03
7.533100000E+02	1.000000000E+00	8.815600000E-03
7.764100000E+02	0.000000000E+00	9.136000000E-03
7.764100000E+02	1.000000000E-01	9.092700000E-03
7.764100000E+02	2.000000000E-01	9.047800000E-03
7.764100000E+02	3.000000000E-01	9.001500000E-03
7.764100000E+02	4.000000000E-01	8.954300000E-03
7.764100000E+02	5.000000000E-01	8.906400000E-03
7.764100000E+02	6.000000000E-01	8.858300000E-03
7.764100000E+02	7.000000000E-01	8.810500000E-03
7.764100000E+02	8.000000000E-01	8.763200000E-03
7.764100000E+02	9.000000000E-01	8.716800000E-03
7.764100000E+02	1.000000000E+00	8.671600000E-03
8.000400000E+02	0.000000000E+00	8.985800000E-03
8.000400000E+02	1.000000000E-01	8.943000000E-03
8.000400000E+02	2.000000000E-01	8.898700000E-03
8.000400000E+02	3.000000000E-01	8.853100000E-03
8.000400000E+02	4.000000000E-01	8.806600000E-03
8.000400000E+02	5.000000000E-01	8.759400000E-03
8.000400000E+02	6.000000000E-01	8.712000000E-03
8.000400000E+02	7.000000000E-01	8.664900000E-03
8.000400000E+02	8.000000000E-01	8.618300000E-03
8.000400000E+02	9.000000000E-01	8.572500000E-03
8.000400000E+02	1.000000000E+00	8.528000000E-03
8.242000000E+02	0.000000000E+00	8.836100000E-03
8.242000000E+02	1.000000000E-01	8.793900000E-03
8.242000000E+02	2.000000000E-01	8.750200000E-03
8.242000000E+02	3.000000000E-01	8.705300000E-03
8.242000000E+02	4.000000000E-01	8.659400000E-03
8.242000000E+02	5.000000000E-01	8.612900000E-03
8.242000000E+02	6.000000000E-01	8.566200000E-03
8.242000000E+02	7.000000000E-01	8.519800000E-03
8.242000000E+02	8.000000000E-01	8.473900000E-03
8.242000000E+02	9.000000000E-01	8.428800000E-03
8.242000000E+02	1.000000000E+00	8.384800000E-03
8.489000000E+02	0.000000000E+00	8.686900000E-03
8.489000000E+02	1.000000000E-01	8.645300000E-03
8.489000000E+02	2.000000000E-01	8.602200000E-03
8.489000000E+02	3.000000000E-01	8.557900000E-03
8.489000000E+02	4.000000000E-01	8.512700000E-03
8.489000000E+02	5.000000000E-01	8.466900000E-03
8.489000000E+02	6.000000000E-01	8.420900000E-03
8.489000000E+02	7.000000000E-01	8.375200000E-03
8.489000000E+02	8.000000000E-01	8.329900000E-03
8.489000000E+02	9.000000000E-01	8.285500000E-03
8.489000000E+02	1.000000000E+00	8.242200000E-03
8.741500000E+02	0.000000000E+00	8.538300000E-03
8.741500000E+02	1.000000000E-01	8.497200000E-03
8.741500000E+02	2.000000000E-01	8.454700000E-03
8.741500000E+02	3.000000000E-01	8.411000000E-03
8.741500000E+02	4.000000000E-01	8.366400000E-03
8.741500000E+02	5.000000000E-01	8.321400000E-03
8.741500000E+02	6.000000000E-01	8.276100000E-03
8.741500000E+02	7.000000000E-01	8.231000000E-03
8.741500000E+02	8.000000000E-01	8.186500000E-03
8.741500000E+02	9.000000000E-01	8.142700000E-03
8.741500000E+02	1.000000000E+00	8.100000000E-03
8.999500000E+02	0.000000000E+00	8.390200000E-03
8.999500000E+02	1.000000000E-01	8.349700000E-03
8.999500000E+02	2.000000000E-01	8.307700000E-03
8.999500000E+02	3.000000000E-01	8.264700000E-03
8.999500000E+02	4.000000000E-01	8.220800000E-03
8.999500000E+02	5.000000000E-01	8.176400000E-03
8.999500000E+02	6.000000000E-01	8.131800000E-03
8.999500000E+02	7.000000000E-01	8.087400000E-03
8.999500000E+02	8.000000000E-01	8.043600000E-03
8.999500000E+02	9.000000000E-01	8.000500000E-03
8.999500000E+02	1.000000000E+00	7.958400000E-03
9.263200000E+02	0.000000000E+00	8.242600000E-03
9.263200000E+02	1.000000000E-01	8.202600000E-03
9.263200000E+02	2.000000000E-01	8.161300000E-03
9.263200000E+02	3.000000000E-01	8.118800000E-03
9.263200000E+02	4.000000000E-01	8.075600000E-03
9.263200000E+02	5.000000000E-01	8.031900000E-03
9.263200000E+02	6.000000000E-01	7.988000000E-03
9.263200000E+02	7.000000000E-01	7.944300000E-03
9.263200000E+02	8.000000000E-01	7.901100000E-03
9.263200000E+02	9.000000000E-01	7.858600000E-03
9.263200000E+02	1.000000000E+00	7.817200000E-03
9.532600000E+02	0.000000000E+00	8.095500000E-03
9.532600000E+02	1.000000000E-01	8.056100000E-03
9.532600000E+02	2.000000000E-01	8.015300000E-03
9.532600000E+02	3.000000000E-01	7.973500000E-03
9.532600000E+02	4.000000000E-01	7.930900000E-03
9.532600000E+02	5.000000000E-01	7.887900000E-03
9.532600000E+02	6.000000000E-01	7.844700000E-03
9.532600000E+02	7.000000000E-01	7.801700000E-03
9.532600000E+02	8.000000000E-01	7.759100000E-03
9.532600000E+02	9.000000000E-01	7.717300000E-03
9.532600000E+02	1.000000000E+00	7.676500000E-03
9.807900000E+02	0.000000000E+00	7.948900000E-03
9.807900000E+02	1.000000000E-01	7.910000000E-03
9.807900000E+02	2.000000000E-01	7.869900000E-03
9.807900000E+02	3.000000000E-01	7.828700000E-03
9.807900000E+02	4.000000000E-01	7.786700000E-03
9.807900000E+02	5.000000000E-01	7.744400000E-03
9.807900000E+02	6.000000000E-01	7.701800000E-03
9.807900000E+02	7.000000000E-01	7.659500000E-03
9.807900000E+02	8.000000000E-01	7.617600000E-03
9.807900000E+02	9.000000000E-01	7.576400000E-03
9.807900000E+02	1.000000000E+00	7.536200000E-03
1.008900000E+03	0.000000000E+00	7.803000000E-03
1.008900000E+03	1.000000000E-01	7.764600000E-03
1.008900000E+03	2.000000000E-01	7.725000000E-03
1.008900000E+03	3.000000000E-01	7.684400000E-03
1.008900000E+03	4.000000000E-01	7.643100000E-03
1.008900000E+03	5.000000000E-01	7.601400000E-03
1.008900000E+03	6.000000000E-01	7.559600000E-03
1.008900000E+03	7.000000000E-01	7.517900000E-03
1.008900000E+03	8.000000000E-01	7.476700000E-03
1.008900000E+03	9.000000000E-01	7.436100000E-03
1.008900000E+03	1.000000000E+00	7.396500000E-03
1.037600000E+03	0.000000000E+00	7.657500000E-03
1.037600000E+03	1.000000000E-01	7.619700000E-03
1.037600000E+03	2.000000000E-01	7.580700000E-03
1.037600000E+03	3.000000000E-01	7.540700000E-03
1.037600000E+03	4.000000000E-01	7.500000000E-03
1.037600000E+03	5.000000000E-01	7.459000000E-03
1.037600000E+03	6.000000000E-01	7.417800000E-03
1.037600000E+03	7.000000000E-01	7.376800000E-03
1.037600000E+03	8.000000000E-01	7.336200000E-03
1.037600000E+03	9.000000000E-01	7.296300000E-03
1.037600000E+03	1.000000000E+00	7.257300000E-03
1.066900000E+03	0.000000000E+00	7.512700000E-03
1.066900000E+03	1.000000000E-01	7.475300000E-03
1.066900000E+03	2.000000000E-01	7.436900000E-03
1.066900000E+03	3.000000000E-01	7.397500000E-03
1.066900000E+03	4.000000000E-01	7.357500000E-03
1.066900000E+03	5.000000000E-01	7.317100000E-03
1.066900000E+03	6.000000000E-01	7.276600000E-03
1.066900000E+03	7.000000000E-01	7.236300000E-03
1.066900000E+03	8.000000000E-01	7.196400000E-03
1.066900000E+03	9.000000000E-01	7.157100000E-03
1.066900000E+03	1.000000000E+00	7.118700000E-03
1.096800000E+03	0.000000000E+00	7.368400000E-03
1.096800000E+03	1.000000000E-01	7.331600000E-03
1.096800000E+03	2.000000000E-01	7.293800000E-03
1.096800000E+03	3.000000000E-01	7.255000000E-03
1.096800000E+03	4.000000000E-01	7.215600000E-03
1.096800000E+03	5.000000000E-01	7.175900000E-03
1.096800000E+03	6.000000000E-01	7.136000000E-03
1.096800000E+03	7.000000000E-01	7.096300000E-03
1.096800000E+03	8.000000000E-01	7.057100000E-03
1.096800000E+03	9.000000000E-01	7.018400000E-03
1.096800000E+03	1.000000000E+00	6.980600000E-03
1.127400000E+03	0.000000000E+00	7.224400000E-03
1.127400000E+03	1.000000000E-01	7.188100000E-03
1.127400000E+03	2.000000000E-01	7.150800000E-03
1.127400000E+03	3.000000000E-01	7.112600000E-03
1.127400000E+03	4.000000000E-01	7.073900000E-03
1.127400000E+03	5.000000000E-01	7.034800000E-03
1.127400000E+03	6.000000000E-01	6.995600000E-03
1.127400000E+03	7.000000000E-01	6.956600000E-03
1.127400000E+03	8.000000000E-01	6.917900000E-03
1.127400000E+03	9.000000000E-01	6.879900000E-03
1.127400000E+03	1.000000000E+00	6.842700000E-03
1.158500000E+03	0.000000000E+00	7.081500000E-03
1.158500000E+03	1.000000000E-01	7.045700000E-03
1.158500000E+03	2.000000000E-01	7.009000000E-03
1.158500000E+03	3.000000000E-01	6.971400000E-03
1.158500000E+03	4.000000000E-01	6.933300000E-03
1.158500000E+03	5.000000000E-01	6.894900000E-03
1.158500000E+03	6.000000000E-01	6.856300000E-03
1.158500000E+03	7.000000000E-01	6.817900000E-03
1.158500000E+03	8.000000000E-01	6.779900000E-03
1.158500000E+03	9.000000000E-01	6.742500000E-03
1.158500000E+03	1.000000000E+00	6.705900000E-03
1.190300000E+03	0.000000000E+00	6.938800000E-03
1.190300000E+03	1.000000000E-01	6.903600000E-03
1.190300000E+03	2.000000000E-01	6.867500000E-03
1.190300000E+03	3.000000000E-01	6.830500000E-03
1.190300000E+03	4.000000000E-01	6.793000000E-03
1.190300000E+03	5.000000000E-01	6.755200000E-03
1.190300000E+03	6.000000000E-01	6.717300000E-03
1.190300000E+03	7.000000000E-01	6.679500000E-03
1.190300000E+03	8.000000000E-01	6.642200000E-03
1.190300000E+03	9.000000000E-01	6.605400000E-03
1.190300000E+03	1.000000000E+00	6.569300000E-03
1.222800000E+03	0.000000000E+00	6.796600000E-03
1.222800000E+03	1.000000000E-01	6.761900000E-03
1.222800000E+03	2.000000000E-01	6.726300000E-03
1.222800000E+03	3.000000000E-01	6.689900000E-03
1.222800000E+03	4.000000000E-01	6.653000000E-03
1.222800000E+03	5.000000000E-01	6.615800000E-03
1.222800000E+03	6.000000000E-01	6.578600000E-03
1.222800000E+03	7.000000000E-01	6.541500000E-03
1.222800000E+03	8.000000000E-01	6.504700000E-03
1.222800000E+03	9.000000000E-01	6.468600000E-03
1.222800000E+03	1.000000000E+00	6.433100000E-03
1.255900000E+03	0.000000000E+00	6.655100000E-03
1.255900000E+03	1.000000000E-01	6.620900000E-03
1.255900000E+03	2.000000000E-01	6.585900000E-03
1.255900000E+03	3.000000000E-01	6.550100000E-03
1.255900000E+03	4.000000000E-01	6.513900000E-03
1.255900000E+03	5.000000000E-01	6.477300000E-03
1.255900000E+03	6.000000000E-01	6.440700000E-03
1.255900000E+03	7.000000000E-01	6.404200000E-03
1.255900000E+03	8.000000000E-01	6.368100000E-03
1.255900000E+03	9.000000000E-01	6.332500000E-03
1.255900000E+03	1.000000000E+00	6.297700000E-03
1.289600000E+03	0.000000000E+00	6.514500000E-03
1.289600000E+03	1.000000000E-01	6.480900000E-03
1.289600000E+03	2.000000000E-01	6.446400000E-03
1.289600000E+03	3.000000000E-01	6.411200000E-03
1.289600000E+03	4.000000000E-01	6.375500000E-03
1.289600000E+03	5.000000000E-01	6.339600000E-03
1.289600000E+03	6.000000000E-01	6.303600000E-03
1.289600000E+03	7.000000000E-01	6.267800000E-03
1.289600000E+03	8.000000000E-01	6.232300000E-03
1.289600000E+03	9.000000000E-01	6.197300000E-03
1.289600000E+03	1.000000000E+00	6.163100000E-03
1.324000000E+03	0.000000000E+00	6.374400000E-03
1.324000000E+03	1.000000000E-01	6.341200000E-03
1.324000000E+03	2.000000000E-01	6.307300000E-03
1.324000000E+03	3.000000000E-01	6.272700000E-03
1.324000000E+03	4.000000000E-01	6.237600000E-03
1.324000000E+03	5.000000000E-01	6.202300000E-03
1.324000000E+03	6.000000000E-01	6.167000000E-03
1.324000000E+03	7.000000000E-01	6.131800000E-03
1.324000000E+03	8.000000000E-01	6.096900000E-03
1.324000000E+03	9.000000000E-01	6.062600000E-03
1.324000000E+03	1.000000000E+00	6.028900000E-03
1.359100000E+03	0.000000000E+00	6.234700000E-03
1.359100000E+03	1.000000000E-01	6.202100000E-03
1.359100000E+03	2.000000000E-01	6.168700000E-03
1.359100000E+03	3.000000000E-01	6.134700000E-03
1.359100000E+03	4.000000000E-01	6.100300000E-03
1.359100000E+03	5.000000000E-01	6.065600000E-03
1.359100000E+03	6.000000000E-01	6.030900000E-03
1.359100000E+03	7.000000000E-01	5.996300000E-03
1.359100000E+03	8.000000000E-01	5.962000000E-03
1.359100000E+03	9.000000000E-01	5.928300000E-03
1.359100000E+03	1.000000000E+00	5.895200000E-03
1.394900000E+03	0.000000000E+00	6.095700000E-03
1.394900000E+03	1.000000000E-01	6.063600000E-03
1.394900000E+03	2.000000000E-01	6.030700000E-03
1.394900000E+03	3.000000000E-01	5.997300000E-03
1.394900000E+03	4.000000000E-01	5.963500000E-03
1.394900000E+03	5.000000000E-01	5.929400000E-03
1.394900000E+03	6.000000000E-01	5.895300000E-03
1.394900000E+03	7.000000000E-01	5.861300000E-03
1.394900000E+03	8.000000000E-01	5.827700000E-03
1.394900000E+03	9.000000000E-01	5.794600000E-03
1.394900000E+03	1.000000000E+00	5.762000000E-03
1.431400000E+03	0.000000000E+00	5.957200000E-03
1.431400000E+03	1.000000000E-01	5.925700000E-03
1.431400000E+03	2.000000000E-01	5.893400000E-03
1.431400000E+03	3.000000000E-01	5.860500000E-03
1.431400000E+03	4.000000000E-01	5.827300000E-03
1.431400000E+03	5.000000000E-01	5.793800000E-03
1.431400000E+03	6.000000000E-01	5.760300000E-03
1.431400000E+03	7.000000000E-01	5.727000000E-03
1.431400000E+03	8.000000000E-01	5.694000000E-03
1.431400000E+03	9.000000000E-01	5.661400000E-03
1.431400000E+03	1.000000000E+00	5.629500000E-03
1.468500000E+03	0.000000000E+00	5.819800000E-03
1.468500000E+03	1.000000000E-01	5.788700000E-03
1.468500000E+03	2.000000000E-01	5.757000000E-03
1.468500000E+03	3.000000000E-01	5.724700000E-03
1.468500000E+03	4.000000000E-01	5.692100000E-03
1.468500000E+03	5.000000000E-01	5.659200000E-03
1.468500000E+03	6.000000000E-01	5.626400000E-03
1.468500000E+03	7.000000000E-01	5.593600000E-03
1.468500000E+03	8.000000000E-01	5.561200000E-03
1.468500000E+03	9.000000000E-01	5.529300000E-03
1.468500000E+03	1.000000000E+00	5.497900000E-03
1.506400000E+03	0.000000000E+00	5.682700000E-03
1.506400000E+03	1.000000000E-01	5.652100000E-03
1.506400000E+03	2.000000000E-01	5.620900000E-03
1.506400000E+03	3.000000000E-01	5.589200000E-03
1.506400000E+03	4.000000000E-01	5.557200000E-03
1.506400000E+03	5.000000000E-01	5.524900000E-03
1.506400000E+03	6.000000000E-01	5.492700000E-03
1.506400000E+03	7.000000000E-01	5.460600000E-03
1.506400000E+03	8.000000000E-01	5.428800000E-03
1.506400000E+03	9.000000000E-01	5.397400000E-03
1.506400000E+03	1.000000000E+00	5.366600000E-03
1.545000000E+03	0.000000000E+00	5.546300000E-03
1.545000000E+03	1.000000000E-01	5.516300000E-03
1.545000000E+03	2.000000000E-01	5.485600000E-03
1.545000000E+03	3.000000000E-01	5.454500000E-03
1.545000000E+03	4.000000000E-01	5.423000000E-03
1.545000000E+03	5.000000000E-01	5.391400000E-03
1.545000000E+03	6.000000000E-01	5.359700000E-03
1.545000000E+03	7.000000000E-01	5.328200000E-03
1.545000000E+03	8.000000000E-01	5.297000000E-03
1.545000000E+03	9.000000000E-01	5.266300000E-03
1.545000000E+03	1.000000000E+00	5.236000000E-03
1.584300000E+03	0.000000000E+00	5.410600000E-03
1.584300000E+03	1.000000000E-01	5.381100000E-03
1.584300000E+03	2.000000000E-01	5.351000000E-03
1.584300000E+03	3.000000000E-01	5.320500000E-03
1.584300000E+03	4.000000000E-01	5.289600000E-03
1.584300000E+03	5.000000000E-01	5.258600000E-03
1.584300000E+03	6.000000000E-01	5.227500000E-03
1.584300000E+03	7.000000000E-01	5.196600000E-03
1.584300000E+03	8.000000000E-01	5.166000000E-03
1.584300000E+03	9.000000000E-01	5.135800000E-03
1.584300000E+03	1.000000000E+00	5.106200000E-03
1.624400000E+03	0.000000000E+00	5.275500000E-03
1.624400000E+03	1.000000000E-01	5.246500000E-03
1.624400000E+03	2.000000000E-01	5.216900000E-03
1.624400000E+03	3.000000000E-01	5.186900000E-03
1.624400000E+03	4.000000000E-01	5.156600000E-03
1.624400000E+03	5.000000000E-01	5.126200000E-03
1.624400000E+03	6.000000000E-01	5.095800000E-03
1.624400000E+03	7.000000000E-01	5.065500000E-03
1.624400000E+03	8.000000000E-01	5.035500000E-03
1.624400000E+03	9.000000000E-01	5.005900000E-03
1.624400000E+03	1.000000000E+00	4.976800000E-03
1.665200000E+03	0.000000000E+00	5.141100000E-03
1.665200000E+03	1.000000000E-01	5.112600000E-03
1.665200000E+03	2.000000000E-01	5.083600000E-03
1.665200000E+03	3.000000000E-01	5.054200000E-03
1.665200000E+03	4.000000000E-01	5.024500000E-03
1.665200000E+03	5.000000000E-01	4.994700000E-03
1.665200000E+03	6.000000000E-01	4.964800000E-03
1.665200000E+03	7.000000000E-01	4.935200000E-03
1.665200000E+03	8.000000000E-01	4.905700000E-03
1.665200000E+03	9.000000000E-01	4.876700000E-03
1.665200000E+03	1.000000000E+00	4.848200000E-03
1.706700000E+03	0.000000000E+00	5.007700000E-03
1.706700000E+03	1.000000000E-01	4.979700000E-03
1.706700000E+03	2.000000000E-01	4.951200000E-03
1.706700000E+03	3.000000000E-01	4.922400000E-03
1.706700000E+03	4.000000000E-01	4.893200000E-03
1.706700000E+03	5.000000000E-01	4.864000000E-03
1.706700000E+03	6.000000000E-01	4.834800000E-03
1.706700000E+03	7.000000000E-01	4.805700000E-03
1.706700000E+03	8.000000000E-01	4.776800000E-03
1.706700000E+03	9.000000000E-01	4.748400000E-03
1.706700000E+03	1.000000000E+00	4.720400000E-03
1.749000000E+03	0.000000000E+00	4.874800000E-03
1.749000000E+03	1.000000000E-01	4.847300000E-03
1.749000000E+03	2.000000000E-01	4.819400000E-03
1.749000000E+03	3.000000000E-01	4.791100000E-03
1.749000000E+03	4.000000000E-01	4.762500000E-03
1.749000000E+03	5.000000000E-01	4.733900000E-03
1.749000000E+03	6.000000000E-01	4.705300000E-03
1.749000000E+03	7.000000000E-01	4.676800000E-03
1.749000000E+03	8.000000000E-01	4.648500000E-03
1.749000000E+03	9.000000000E-01	4.620700000E-03
1.749000000E+03	1.000000000E+00	4.593300000E-03
1.792100000E+03	0.000000000E+00	4.742500000E-03
1.792100000E+03	1.000000000E-01	4.715600000E-03
1.792100000E+03	2.000000000E-01	4.688200000E-03
1.792100000E+03	3.000000000E-01	4.660400000E-03
1.792100000E+03	4.000000000E-01	4.632500000E-03
1.792100000E+03	5.000000000E-01	4.604400000E-03
1.792100000E+03	6.000000000E-01	4.576400000E-03
1.792100000E+03	7.000000000E-01	4.548500000E-03
1.792100000E+03	8.000000000E-01	4.520800000E-03
1.792100000E+03	9.000000000E-01	4.493500000E-03
1.792100000E+03	1.000000000E+00	4.466700000E-03
1.836000000E+03	0.000000000E+00	4.610900000E-03
1.836000000E+03	1.000000000E-01	4.584500000E-03
1.836000000E+03	2.000000000E-01	4.557700000E-03
1.836000000E+03	3.000000000E-01	4.530500000E-03
1.836000000E+03	4.000000000E-01	4.503100000E-03
1.836000000E+03	5.000000000E-01	4.475600000E-03
1.836000000E+03	6.000000000E-01	4.448200000E-03
1.836000000E+03	7.000000000E-01	4.420800000E-03
1.836000000E+03	8.000000000E-01	4.393800000E-03
1.836000000E+03	9.000000000E-01	4.367100000E-03
1.836000000E+03	1.000000000E+00	4.340800000E-03
1.880600000E+03	0.000000000E+00	4.480400000E-03
1.880600000E+03	1.000000000E-01	4.454400000E-03
1.880600000E+03	2.000000000E-01	4.428100000E-03
1.880600000E+03	3.000000000E-01	4.401500000E-03
1.880600000E+03	4.000000000E-01	4.374700000E-03
1.880600000E+03	5.000000000E-01	4.347800000E-03
1.880600000E+03	6.000000000E-01	4.320900000E-03
1.880600000E+03	7.000000000E-01	4.294200000E-03
1.880600000E+03	8.000000000E-01	4.267700000E-03
1.880600000E+03	9.000000000E-01	4.241600000E-03
1.880600000E+03	1.000000000E+00	4.215900000E-03
1.926100000E+03	0.000000000E+00	4.350300000E-03
1.926100000E+03	1.000000000E-01	4.324900000E-03
1.926100000E+03	2.000000000E-01	4.299100000E-03
1.926100000E+03	3.000000000E-01	4.273000000E-03
1.926100000E+03	4.000000000E-01	4.246800000E-03
1.926100000E+03	5.000000000E-01	4.220500000E-03
1.926100000E+03	6.000000000E-01	4.194200000E-03
1.926100000E+03	7.000000000E-01	4.168000000E-03
1.926100000E+03	8.000000000E-01	4.142100000E-03
1.926100000E+03	9.000000000E-01	4.116600000E-03
1.926100000E+03	1.000000000E+00	4.091400000E-03
1.972300000E+03	0.000000000E+00	4.221200000E-03
1.972300000E+03	1.000000000E-01	4.196300000E-03
1.972300000E+03	2.000000000E-01	4.171100000E-03
1.972300000E+03	3.000000000E-01	4.145600000E-03
1.972300000E+03	4.000000000E-01	4.119900000E-03
1.972300000E+03	5.000000000E-01	4.094200000E-03
1.972300000E+03	6.000000000E-01	4.068500000E-03
1.972300000E+03	7.000000000E-01	4.042900000E-03
1.972300000E+03	8.000000000E-01	4.017600000E-03
1.972300000E+03	9.000000000E-01	3.992600000E-03
1.972300000E+03	1.000000000E+00	3.968000000E-03
2.019400000E+03	0.000000000E+00	4.092700000E-03
2.019400000E+03	1.000000000E-01	4.068400000E-03
2.019400000E+03	2.000000000E-01	4.043700000E-03
2.019400000E+03	3.000000000E-01	4.018700000E-03
2.019400000E+03	4.000000000E-01	3.993600000E-03
2.019400000E+03	5.000000000E-01	3.968400000E-03
2.019400000E+03	6.000000000E-01	3.943300000E-03
2.019400000E+03	7.000000000E-01	3.918400000E-03
2.019400000E+03	8.000000000E-01	3.893600000E-03
2.019400000E+03	9.000000000E-01	3.869200000E-03
2.019400000E+03	1.000000000E+00	3.845100000E-03
2.067300000E+03	0.000000000E+00	3.965100000E-03
2.067300000E+03	1.000000000E-01	3.941300000E-03
2.067300000E+03	2.000000000E-01	3.917100000E-03
2.067300000E+03	3.000000000E-01	3.892700000E-03
2.067300000E+03	4.000000000E-01	3.868200000E-03
2.067300000E+03	5.000000000E-01	3.843600000E-03
2.067300000E+03	6.000000000E-01	3.819000000E-03
2.067300000E+03	7.000000000E-01	3.794700000E-03
2.067300000E+03	8.000000000E-01	3.770500000E-03
2.067300000E+03	9.000000000E-01	3.746600000E-03
2.067300000E+03	1.000000000E+00	3.723100000E-03
2.116000000E+03	0.000000000E+00	3.838400000E-03
2.116000000E+03	1.000000000E-01	3.815100000E-03
2.116000000E+03	2.000000000E-01	3.791400000E-03
2.116000000E+03	3.000000000E-01	3.767600000E-03
2.116000000E+03	4.000000000E-01	3.743600000E-03
2.116000000E+03	5.000000000E-01	3.719600000E-03
2.116000000E+03	6.000000000E-01	3.695700000E-03
2.116000000E+03	7.000000000E-01	3.671800000E-03
2.116000000E+03	8.000000000E-01	3.648200000E-03
2.116000000E+03	9.000000000E-01	3.624900000E-03
2.116000000E+03	1.000000000E+00	3.602000000E-03
2.165600000E+03	0.000000000E+00	3.712400000E-03
2.165600000E+03	1.000000000E-01	3.689600000E-03
2.165600000E+03	2.000000000E-01	3.666500000E-03
2.165600000E+03	3.000000000E-01	3.643200000E-03
2.165600000E+03	4.000000000E-01	3.619800000E-03
2.165600000E+03	5.000000000E-01	3.596300000E-03
2.165600000E+03	6.000000000E-01	3.573000000E-03
2.165600000E+03	7.000000000E-01	3.549700000E-03
2.165600000E+03	8.000000000E-01	3.526700000E-03
2.165600000E+03	9.000000000E-01	3.503900000E-03
2.165600000E+03	1.000000000E+00	3.481500000E-03
2.216000000E+03	0.000000000E+00	3.587400000E-03
2.216000000E+03	1.000000000E-01	3.565100000E-03
2.216000000E+03	2.000000000E-01	3.542500000E-03
2.216000000E+03	3.000000000E-01	3.519800000E-03
2.216000000E+03	4.000000000E-01	3.496900000E-03
2.216000000E+03	5.000000000E-01	3.474000000E-03
2.216000000E+03	6.000000000E-01	3.451200000E-03
2.216000000E+03	7.000000000E-01	3.428600000E-03
2.216000000E+03	8.000000000E-01	3.406100000E-03
2.216000000E+03	9.000000000E-01	3.383900000E-03
2.216000000E+03	1.000000000E+00	3.362100000E-03
2.267300000E+03	0.000000000E+00	3.463100000E-03
2.267300000E+03	1.000000000E-01	3.441300000E-03
2.267300000E+03	2.000000000E-01	3.419300000E-03
2.267300000E+03	3.000000000E-01	3.397100000E-03
2.267300000E+03	4.000000000E-01	3.374800000E-03
2.267300000E+03	5.000000000E-01	3.352500000E-03
2.267300000E+03	6.000000000E-01	3.330300000E-03
2.267300000E+03	7.000000000E-01	3.308200000E-03
2.267300000E+03	8.000000000E-01	3.286300000E-03
2.267300000E+03	9.000000000E-01	3.264700000E-03
2.267300000E+03	1.000000000E+00	3.243400000E-03
2.319400000E+03	0.000000000E+00	3.339900000E-03
2.319400000E+03	1.000000000E-01	3.318700000E-03
2.319400000E+03	2.000000000E-01	3.297200000E-03
2.319400000E+03	3.000000000E-01	3.275500000E-03
2.319400000E+03	4.000000000E-01	3.253800000E-03
2.319400000E+03	5.000000000E-01	3.232100000E-03
2.319400000E+03	6.000000000E-01	3.210400000E-03
2.319400000E+03	7.000000000E-01	3.188900000E-03
2.319400000E+03	8.000000000E-01	3.167600000E-03
2.319400000E+03	9.000000000E-01	3.146500000E-03
2.319400000E+03	1.000000000E+00	3.125700000E-03
2.372500000E+03	0.000000000E+00	3.217400000E-03
2.372500000E+03	1.000000000E-01	3.196600000E-03
2.372500000E+03	2.000000000E-01	3.175700000E-03
2.372500000E+03	3.000000000E-01	3.154600000E-03
2.372500000E+03	4.000000000E-01	3.133400000E-03
2.372500000E+03	5.000000000E-01	3.112200000E-03
2.372500000E+03	6.000000000E-01	3.091200000E-03
2.372500000E+03	7.000000000E-01	3.070200000E-03
2.372500000E+03	8.000000000E-01	3.049400000E-03
2.372500000E+03	9.000000000E-01	3.028900000E-03
2.372500000E+03	1.000000000E+00	3.008700000E-03
2.426400000E+03	0.000000000E+00	3.096000000E-03
2.426400000E+03	1.000000000E-01	3.075700000E-03
2.426400000E+03	2.000000000E-01	3.055300000E-03
2.426400000E+03	3.000000000E-01	3.034700000E-03
2.426400000E+03	4.000000000E-01	3.014100000E-03
2.426400000E+03	5.000000000E-01	2.993600000E-03
2.426400000E+03	6.000000000E-01	2.973000000E-03
2.426400000E+03	7.000000000E-01	2.952700000E-03
2.426400000E+03	8.000000000E-01	2.932500000E-03
2.426400000E+03	9.000000000E-01	2.912500000E-03
2.426400000E+03	1.000000000E+00	2.892800000E-03
2.481200000E+03	0.000000000E+00	2.975500000E-03
2.481200000E+03	1.000000000E-01	2.955800000E-03
2.481200000E+03	2.000000000E-01	2.935900000E-03
2.481200000E+03	3.000000000E-01	2.915900000E-03
2.481200000E+03	4.000000000E-01	2.895800000E-03
2.481200000E+03	5.000000000E-01	2.875800000E-03
2.481200000E+03	6.000000000E-01	2.855900000E-03
2.481200000E+03	7.000000000E-01	2.836100000E-03
2.481200000E+03	8.000000000E-01	2.816400000E-03
2.481200000E+03	9.000000000E-01	2.797000000E-03
2.481200000E+03	1.000000000E+00	2.777900000E-03
2.537000000E+03	0.000000000E+00	2.855800000E-03
2.537000000E+03	1.000000000E-01	2.836600000E-03
2.537000000E+03	2.000000000E-01	2.817300000E-03
2.537000000E+03	3.000000000E-01	2.797800000E-03
2.537000000E+03	4.000000000E-01	2.778300000E-03
2.537000000E+03	5.000000000E-01	2.758900000E-03
2.537000000E+03	6.000000000E-01	2.739500000E-03
2.537000000E+03	7.000000000E-01	2.720200000E-03
2.537000000E+03	8.000000000E-01	2.701200000E-03
2.537000000E+03	9.000000000E-01	2.682300000E-03
2.537000000E+03	1.000000000E+00	2.663700000E-03
2.593600000E+03	0.000000000E+00	2.737400000E-03
2.593600000E+03	1.000000000E-01	2.718700000E-03
2.593600000E+03	2.000000000E-01	2.699900000E-03
2.593600000E+03	3.000000000E-01	2.681000000E-03
2.593600000E+03	4.000000000E-01	2.662100000E-03
2.593600000E+03	5.000000000E-01	2.643200000E-03
2.593600000E+03	6.000000000E-01	2.624400000E-03
2.593600000E+03	7.000000000E-01	2.605700000E-03
2.593600000E+03	8.000000000E-01	2.587200000E-03
2.593600000E+03	9.000000000E-01	2.568900000E-03
2.593600000E+03	1.000000000E+00	2.550800000E-03
2.651200000E+03	0.000000000E+00	2.619800000E-03
2.651200000E+03	1.000000000E-01	2.601700000E-03
2.651200000E+03	2.000000000E-01	2.583400000E-03
2.651200000E+03	3.000000000E-01	2.565000000E-03
2.651200000E+03	4.000000000E-01	2.546700000E-03
2.651200000E+03	5.000000000E-01	2.528400000E-03
2.651200000E+03	6.000000000E-01	2.510100000E-03
2.651200000E+03	7.000000000E-01	2.492000000E-03
2.651200000E+03	8.000000000E-01	2.474000000E-03
2.651200000E+03	9.000000000E-01	2.456300000E-03
2.651200000E+03	1.000000000E+00	2.438800000E-03
2.709800000E+03	0.000000000E+00	2.503200000E-03
2.709800000E+03	1.000000000E-01	2.485600000E-03
2.709800000E+03	2.000000000E-01	2.467900000E-03
2.709800000E+03	3.000000000E-01	2.450100000E-03
2.709800000E+03	4.000000000E-01	2.432300000E-03
2.709800000E+03	5.000000000E-01	2.414500000E-03
2.709800000E+03	6.000000000E-01	2.396800000E-03
2.709800000E+03	7.000000000E-01	2.379200000E-03
2.709800000E+03	8.000000000E-01	2.361900000E-03
2.709800000E+03	9.000000000E-01	2.344700000E-03
2.709800000E+03	1.000000000E+00	2.327700000E-03
2.769200000E+03	0.000000000E+00	2.388000000E-03
2.769200000E+03	1.000000000E-01	2.370900000E-03
2.769200000E+03	2.000000000E-01	2.353700000E-03
2.769200000E+03	3.000000000E-01	2.336400000E-03
2.769200000E+03	4.000000000E-01	2.319200000E-03
2.769200000E+03	5.000000000E-01	2.302000000E-03
2.769200000E+03	6.000000000E-01	2.284900000E-03
2.769200000E+03	7.000000000E-01	2.267900000E-03
2.769200000E+03	8.000000000E-01	2.251000000E-03
2.769200000E+03	9.000000000E-01	2.234400000E-03
2.769200000E+03	1.000000000E+00	2.218000000E-03
2.829700000E+03	0.000000000E+00	2.273600000E-03
2.829700000E+03	1.000000000E-01	2.257000000E-03
2.829700000E+03	2.000000000E-01	2.240400000E-03
2.829700000E+03	3.000000000E-01	2.223700000E-03
2.829700000E+03	4.000000000E-01	2.207000000E-03
2.829700000E+03	5.000000000E-01	2.190400000E-03
2.829700000E+03	6.000000000E-01	2.173800000E-03
2.829700000E+03	7.000000000E-01	2.157400000E-03
2.829700000E+03	8.000000000E-01	2.141100000E-03
2.829700000E+03	9.000000000E-01	2.125000000E-03
2.829700000E+03	1.000000000E+00	2.109100000E-03
2.891100000E+03	0.000000000E+00	2.160500000E-03
2.891100000E+03	1.000000000E-01	2.144500000E-03
2.891100000E+03	2.000000000E-01	2.128400000E-03
2.891100000E+03	3.000000000E-01	2.112200000E-03
2.891100000E+03	4.000000000E-01	2.096100000E-03
2.891100000E+03	5.000000000E-01	2.080000000E-03
2.891100000E+03	6.000000000E-01	2.064000000E-03
2.891100000E+03	7.000000000E-01	2.048200000E-03
2.891100000E+03	8.000000000E-01	2.032400000E-03
2.891100000E+03	9.000000000E-01	2.016900000E-03
2.891100000E+03	1.000000000E+00	2.001600000E-03
2.953500000E+03	0.000000000E+00	2.048600000E-03
2.953500000E+03	1.000000000E-01	2.033100000E-03
2.953500000E+03	2.000000000E-01	2.017500000E-03
2.953500000E+03	3.000000000E-01	2.001900000E-03
2.953500000E+03	4.000000000E-01	1.986300000E-03
2.953500000E+03	5.000000000E-01	1.970800000E-03
2.953500000E+03	6.000000000E-01	1.955400000E-03
2.953500000E+03	7.000000000E-01	1.940100000E-03
2.953500000E+03	8.000000000E-01	1.924900000E-03
2.953500000E+03	9.000000000E-01	1.910000000E-03
2.953500000E+03	1.000000000E+00	1.895200000E-03
3.017000000E+03	0.000000000E+00	1.937700000E-03
3.017000000E+03	1.000000000E-01	1.922700000E-03
3.017000000E+03	2.000000000E-01	1.907700000E-03
3.017000000E+03	3.000000000E-01	1.892600000E-03
3.017000000E+03	4.000000000E-01	1.877600000E-03
3.017000000E+03	5.000000000E-01	1.862700000E-03
3.017000000E+03	6.000000000E-01	1.847800000E-03
3.017000000E+03	7.000000000E-01	1.833100000E-03
3.017000000E+03	8.000000000E-01	1.818500000E-03
3.017000000E+03	9.000000000E-01	1.804100000E-03
3.017000000E+03	1.000000000E+00	1.789800000E-03
3.081400000E+03	0.000000000E+00	1.828200000E-03
3.081400000E+03	1.000000000E-01	1.813800000E-03
3.081400000E+03	2.000000000E-01	1.799300000E-03
3.081400000E+03	3.000000000E-01	1.784800000E-03
3.081400000E+03	4.000000000E-01	1.770400000E-03
3.081400000E+03	5.000000000E-01	1.756000000E-03
3.081400000E+03	6.000000000E-01	1.741700000E-03
3.081400000E+03	7.000000000E-01	1.727500000E-03
3.081400000E+03	8.000000000E-01	1.713500000E-03
3.081400000E+03	9.000000000E-01	1.699600000E-03
3.081400000E+03	1.000000000E+00	1.685900000E-03
3.146800000E+03	0.000000000E+00	1.720100000E-03
3.146800000E+03	1.000000000E-01	1.706200000E-03
3.146800000E+03	2.000000000E-01	1.692200000E-03
3.146800000E+03	3.000000000E-01	1.678300000E-03
3.146800000E+03	4.000000000E-01	1.664400000E-03
3.146800000E+03	5.000000000E-01	1.650600000E-03
3.146800000E+03	6.000000000E-01	1.636900000E-03
3.146800000E+03	7.000000000E-01	1.623300000E-03
3.146800000E+03	8.000000000E-01	1.609800000E-03
3.146800000E+03	9.000000000E-01	1.596500000E-03
3.146800000E+03	1.000000000E+00	1.583400000E-03
3.213300000E+03	0.000000000E+00	1.613200000E-03
3.213300000E+03	1.000000000E-01	1.599800000E-03
3.213300000E+03	2.000000000E-01	1.586400000E-03
3.213300000E+03	3.000000000E-01	1.573100000E-03
3.213300000E+03	4.000000000E-01	1.559800000E-03
3.213300000E+03	5.000000000E-01	1.546500000E-03
3.213300000E+03	6.000000000E-01	1.533400000E-03
3.213300000E+03	7.000000000E-01	1.520300000E-03
3.213300000E+03	8.000000000E-01	1.507400000E-03
3.213300000E+03	9.000000000E-01	1.494700000E-03
3.213300000E+03	1.000000000E+00	1.482100000E-03
3.280800000E+03	0.000000000E+00	1.507700000E-03
3.280800000E+03	1.000000000E-01	1.494900000E-03
3.280800000E+03	2.000000000E-01	1.482100000E-03
3.280800000E+03	3.000000000E-01	1.469300000E-03
3.280800000E+03	4.000000000E-01	1.456600000E-03
3.280800000E+03	5.000000000E-01	1.443900000E-03
3.280800000E+03	6.000000000E-01	1.431300000E-03
3.280800000E+03	7.000000000E-01	1.418800000E-03
3.280800000E+03	8.000000000E-01	1.406500000E-03
3.280800000E+03	9.000000000E-01	1.394300000E-03
3.280800000E+03	1.000000000E+00	1.382200000E-03
3.349300000E+03	0.000000000E+00	1.403800000E-03
3.349300000E+03	1.000000000E-01	1.391600000E-03
3.349300000E+03	2.000000000E-01	1.379300000E-03
3.349300000E+03	3.000000000E-01	1.367100000E-03
3.349300000E+03	4.000000000E-01	1.354900000E-03
3.349300000E+03	5.000000000E-01	1.342800000E-03
3.349300000E+03	6.000000000E-01	1.330800000E-03
3.349300000E+03	7.000000000E-01	1.318900000E-03
3.349300000E+03	8.000000000E-01	1.307100000E-03
3.349300000E+03	9.000000000E-01	1.295500000E-03
3.349300000E+03	1.000000000E+00	1.284000000E-03
3.418900000E+03	0.000000000E+00	1.301400000E-03
3.418900000E+03	1.000000000E-01	1.289700000E-03
3.418900000E+03	2.000000000E-01	1.278000000E-03
3.418900000E+03	3.000000000E-01	1.266300000E-03
3.418900000E+03	4.000000000E-01	1.254700000E-03
3.418900000E+03	5.000000000E-01	1.243200000E-03
3.418900000E+03	6.000000000E-01	1.231800000E-03
3.418900000E+03	7.000000000E-01	1.220400000E-03
3.418900000E+03	8.000000000E-01	1.209200000E-03
3.418900000E+03	9.000000000E-01	1.198100000E-03
3.418900000E+03	1.000000000E+00	1.187200000E-03
3.489600000E+03	0.000000000E+00	1.200500000E-03
3.489600000E+03	1.000000000E-01	1.189300000E-03
3.489600000E+03	2.000000000E-01	1.178200000E-03
3.489600000E+03	3.000000000E-01	1.167100000E-03
3.489600000E+03	4.000000000E-01	1.156100000E-03
3.489600000E+03	5.000000000E-01	1.145200000E-03
3.489600000E+03	6.000000000E-01	1.134300000E-03
3.489600000E+03	7.000000000E-01	1.123600000E-03
3.489600000E+03	8.000000000E-01	1.112900000E-03
3.489600000E+03	9.000000000E-01	1.102400000E-03
3.489600000E+03	1.000000000E+00	1.092000000E-03
3.561300000E+03	0.000000000E+00	1.101400000E-03
3.561300000E+03	1.000000000E-01	1.090800000E-03
3.561300000E+03	2.000000000E-01	1.080200000E-03
3.561300000E+03	3.000000000E-01	1.069700000E-03
3.561300000E+03	4.000000000E-01	1.059300000E-03
3.561300000E+03	5.000000000E-01	1.048900000E-03
3.561300000E+03	6.000000000E-01	1.038700000E-03
3.561300000E+03	7.000000000E-01	1.028500000E-03
3.561300000E+03	8.000000000E-01	1.018400000E-03
3.561300000E+03	9.000000000E-01	1.008500000E-03
3.561300000E+03	1.000000000E+00	9.986500000E-04
3.634100000E+03	0.000000000E+00	1.004000000E-03
3.634100000E+03	1.000000000E-01	9.939900000E-04
3.634100000E+03	2.000000000E-01	9.840200000E-04
3.634100000E+03	3.000000000E-01	9.741000000E-04
3.634100000E+03	4.000000000E-01	9.642500000E-04
3.634100000E+03	5.000000000E-01	9.544700000E-04
3.634100000E+03	6.000000000E-01	9.447800000E-04
3.634100000E+03	7.000000000E-01	9.351900000E-04
3.634100000E+03	8.000000000E-01	9.257000000E-04
3.634100000E+03	9.000000000E-01	9.163300000E-04
3.634100000E+03	1.000000000E+00	9.070700000E-04
3.708000000E+03	0.000000000E+00	9.084500000E-04
3.708000000E+03	1.000000000E-01	8.990300000E-04
3.708000000E+03	2.000000000E-01	8.896500000E-04
3.708000000E+03	3.000000000E-01	8.803200000E-04
3.708000000E+03	4.000000000E-01	8.710600000E-04
3.708000000E+03	5.000000000E-01	8.618800000E-04
3.708000000E+03	6.000000000E-01	8.527800000E-04
3.708000000E+03	7.000000000E-01	8.437700000E-04
3.708000000E+03	8.000000000E-01	8.348700000E-04
3.708000000E+03	9.000000000E-01	8.260700000E-04
3.708000000E+03	1.000000000E+00	8.173900000E-04
3.783000000E+03	0.000000000E+00	8.148700000E-04
3.783000000E+03	1.000000000E-01	8.060400000E-04
3.783000000E+03	2.000000000E-01	7.972500000E-04
3.783000000E+03	3.000000000E-01	7.885300000E-04
3.783000000E+03	4.000000000E-01	7.798600000E-04
3.783000000E+03	5.000000000E-01	7.712800000E-04
3.783000000E+03	6.000000000E-01	7.627700000E-04
3.783000000E+03	7.000000000E-01	7.543600000E-04
3.783000000E+03	8.000000000E-01	7.460500000E-04
3.783000000E+03	9.000000000E-01	7.378400000E-04
3.783000000E+03	1.000000000E+00	7.297400000E-04
3.859100000E+03	0.000000000E+00	7.233900000E-04
3.859100000E+03	1.000000000E-01	7.151600000E-04
3.859100000E+03	2.000000000E-01	7.069800000E-04
3.859100000E+03	3.000000000E-01	6.988500000E-04
3.859100000E+03	4.000000000E-01	6.908000000E-04
3.859100000E+03	5.000000000E-01	6.828200000E-04
3.859100000E+03	6.000000000E-01	6.749200000E-04
3.859100000E+03	7.000000000E-01	6.671100000E-04
3.859100000E+03	8.000000000E-01	6.593900000E-04
3.859100000E+03	9.000000000E-01	6.517700000E-04
3.859100000E+03	1.000000000E+00	6.442600000E-04
3.936200000E+03	0.000000000E+00	6.342700000E-04
3.936200000E+03	1.000000000E-01	6.266400000E-04
3.936200000E+03	2.000000000E-01	6.190700000E-04
3.936200000E+03	3.000000000E-01	6.115600000E-04
3.936200000E+03	4.000000000E-01	6.041200000E-04
3.936200000E+03	5.000000000E-01	5.967600000E-04
3.936200000E+03	6.000000000E-01	5.894700000E-04
3.936200000E+03	7.000000000E-01	5.822700000E-04
3.936200000E+03	8.000000000E-01	5.751600000E-04
3.936200000E+03	9.000000000E-01	5.681400000E-04
3.936200000E+03	1.000000000E+00	5.612200000E-04
4.014400000E+03	0.000000000E+00	5.475500000E-04
4.014400000E+03	1.000000000E-01	5.405500000E-04
4.014400000E+03	2.000000000E-01	5.336000000E-04
4.014400000E+03	3.000000000E-01	5.267200000E-04
4.014400000E+03	4.000000000E-01	5.199100000E-04
4.014400000E+03	5.000000000E-01	5.131700000E-04
4.014400000E+03	6.000000000E-01	5.065100000E-04
4.014400000E+03	7.000000000E-01	4.999300000E-04
4.014400000E+03	8.000000000E-01	4.934300000E-04
4.014400000E+03	9.000000000E-01	4.870300000E-04
4.014400000E+03	1.000000000E+00	4.807100000E-04
4.093600000E+03	0.000000000E+00	4.635400000E-04
4.093600000E+03	1.000000000E-01	4.571800000E-04
4.093600000E+03	2.000000000E-01	4.508700000E-04
4.093600000E+03	3.000000000E-01	4.446300000E-04
4.093600000E+03	4.000000000E-01	4.384600000E-04
4.093600000E+03	5.000000000E-01	4.323600000E-04
4.093600000E+03	6.000000000E-01	4.263400000E-04
4.093600000E+03	7.000000000E-01	4.203900000E-04
4.093600000E+03	8.000000000E-01	4.145200000E-04
4.093600000E+03	9.000000000E-01	4.087400000E-04
4.093600000E+03	1.000000000E+00	4.030500000E-04
4.173800000E+03	0.000000000E+00	3.824800000E-04
4.173800000E+03	1.000000000E-01	3.767700000E-04
4.173800000E+03	2.000000000E-01	3.711200000E-04
4.173800000E+03	3.000000000E-01	3.655400000E-04
4.173800000E+03	4.000000000E-01	3.600200000E-04
4.173800000E+03	5.000000000E-01	3.545800000E-04
4.173800000E+03	6.000000000E-01	3.492100000E-04
4.173800000E+03	7.000000000E-01	3.439100000E-04
4.173800000E+03	8.000000000E-01	3.386900000E-04
4.173800000E+03	9.000000000E-01	3.335500000E-04
4.173800000E+03	1.000000000E+00	3.285000000E-04
4.254800000E+03	0.000000000E+00	3.048100000E-04
4.254800000E+03	1.000000000E-01	2.997900000E-04
4.254800000E+03	2.000000000E-01	2.948200000E-04
4.254800000E+03	3.000000000E-01	2.899200000E-04
4.254800000E+03	4.000000000E-01	2.850800000E-04
4.254800000E+03	5.000000000E-01	2.803200000E-04
4.254800000E+03	6.000000000E-01	2.756200000E-04
4.254800000E+03	7.000000000E-01	2.709900000E-04
4.254800000E+03	8.000000000E-01	2.664400000E-04
4.254800000E+03	9.000000000E-01	2.619600000E-04
4.254800000E+03	1.000000000E+00	2.575400000E-04
4.336500000E+03	0.000000000E+00	2.309700000E-04
4.336500000E+03	1.000000000E-01	2.266600000E-04
4.336500000E+03	2.000000000E-01	2.224000000E-04
4.336500000E+03	3.000000000E-01	2.182100000E-04
4.336500000E+03	4.000000000E-01	2.140800000E-04
4.336500000E+03	5.000000000E-01	2.100200000E-04
4.336500000E+03	6.000000000E-01	2.060300000E-04
4.336500000E+03	7.000000000E-01	2.021000000E-04
4.336500000E+03	8.000000000E-01	1.982400000E-04
4.336500000E+03	9.000000000E-01	1.944500000E-04
4.336500000E+03	1.000000000E+00	1.907400000E-04