3.67800000E+00	6.84930000E-03	7.63880000E-06	6.38880000E+02	2.65740000E-02	
4.02670000E+00	6.88450000E-03	7.68400000E-06	6.41090000E+02	2.63870000E-02	
4.40300000E+00	6.92000000E-03	7.72940000E-06	6.43350000E+02	2.61990000E-02	
4.80870000E+00	6.95590000E-03	7.77480000E-06	6.45650000E+02	2.60120000E-02	
5.24560000E+00	6.99200000E-03	7.82020000E-06	6.47990000E+02	2.58250000E-02	
5.71550000E+00	7.02840000E-03	7.86570000E-06	6.50380000E+02	2.56380000E-02	
6.22050000E+00	7.06510000E-03	7.91120000E-06	6.52810000E+02	2.54510000E-02	
6.76260000E+00	7.10210000E-03	7.95680000E-06	6.55290000E+02	2.52640000E-02	
7.34390000E+00	7.13940000E-03	8.00240000E-06	6.57820000E+02	2.50780000E-02	
7.96650000E+00	7.17700000E-03	8.04800000E-06	6.60390000E+02	2.48910000E-02	
8.63290000E+00	7.21480000E-03	8.09370000E-06	6.63020000E+02	2.47040000E-02	
9.34530000E+00	7.25300000E-03	8.13950000E-06	6.65700000E+02	2.45180000E-02	
1.01060000E+01	7.29150000E-03	8.18530000E-06	6.68420000E+02	2.43310000E-02	
1.09180000E+01	7.33020000E-03	8.23120000E-06	6.71200000E+02	2.41450000E-02	
1.17840000E+01	7.36930000E-03	8.27710000E-06	6.74030000E+02	2.39590000E-02	
1.27060000E+01	7.40860000E-03	8.32310000E-06	6.76920000E+02	2.37730000E-02	
1.36880000E+01	7.44830000E-03	8.36910000E-06	6.79860000E+02	2.35870000E-02	
1.47310000E+01	7.48820000E-03	8.41520000E-06	6.82850000E+02	2.34010000E-02	
1.58400000E+01	7.52840000E-03	8.46130000E-06	6.85900000E+02	2.32150000E-02	
1.70170000E+01	7.56900000E-03	8.50750000E-06	6.89000000E+02	2.30290000E-02	
1.82660000E+01	7.60980000E-03	8.55370000E-06	6.92160000E+02	2.28440000E-02	
1.95890000E+01	7.65090000E-03	8.60000000E-06	6.95380000E+02	2.26590000E-02	
2.09900000E+01	7.69230000E-03	8.64630000E-06	6.98650000E+02	2.24740000E-02	
2.24730000E+01	7.73410000E-03	8.69270000E-06	7.01980000E+02	2.22890000E-02	
2.40400000E+01	7.77610000E-03	8.73920000E-06	7.05370000E+02	2.21040000E-02	
2.56970000E+01	7.81840000E-03	8.78570000E-06	7.08820000E+02	2.19200000E-02	
2.74460000E+01	7.86100000E-03	8.83230000E-06	7.12320000E+02	2.17350000E-02	
2.92910000E+01	7.90390000E-03	8.87900000E-06	7.15880000E+02	2.15510000E-02	
3.12360000E+01	7.94720000E-03	8.92570000E-06	7.19490000E+02	2.13680000E-02	
3.32860000E+01	7.99070000E-03	8.97250000E-06	7.23170000E+02	2.11840000E-02	
3.54440000E+01	8.03450000E-03	9.01940000E-06	7.26900000E+02	2.10000000E-02	
3.77150000E+01	8.07860000E-03	9.06630000E-06	7.30690000E+02	2.08170000E-02	
4.01030000E+01	8.12310000E-03	9.11330000E-06	7.34530000E+02	2.06340000E-02	
4.26120000E+01	8.16780000E-03	9.16030000E-06	7.38430000E+02	2.04510000E-02	
4.52470000E+01	8.21290000E-03	9.20750000E-06	7.42390000E+02	2.02690000E-02	
4.80120000E+01	8.25820000E-03	9.25470000E-06	7.46410000E+02	2.00870000E-02	
5.09120000E+01	8.30390000E-03	9.30200000E-06	7.50480000E+02	1.99040000E-02	
5.39530000E+01	8.34990000E-03	9.34930000E-06	7.54610000E+02	1.97230000E-02	
5.71380000E+01	8.39620000E-03	9.39680000E-06	7.58790000E+02	1.95410000E-02	
6.04730000E+01	8.44280000E-03	9.44430000E-06	7.63030000E+02	1.93600000E-02	
6.39620000E+01	8.48970000E-03	9.49190000E-06	7.67320000E+02	1.91790000E-02	
6.76120000E+01	8.53690000E-03	9.53960000E-06	7.71670000E+02	1.89980000E-02	
7.14270000E+01	8.58440000E-03	9.58740000E-06	7.76070000E+02	1.88180000E-02	
7.54120000E+01	8.63230000E-03	9.63530000E-06	7.80520000E+02	1.86380000E-02	
7.95730000E+01	8.68050000E-03	9.68320000E-06	7.85030000E+02	1.84580000E-02	
8.39160000E+01	8.72900000E-03	9.73130000E-06	7.89590000E+02	1.82780000E-02	
8.84460000E+01	8.77780000E-03	9.77940000E-06	7.94200000E+02	1.80990000E-02	
9.31690000E+01	8.82700000E-03	9.82770000E-06	7.98870000E+02	1.79200000E-02	
9.80900000E+01	8.87640000E-03	9.87600000E-06	8.03590000E+02	1.77410000E-02	
1.03220000E+02	8.92620000E-03	9.92450000E-06	8.08360000E+02	1.75630000E-02	
1.08550000E+02	8.97640000E-03	9.97300000E-06	8.13180000E+02	1.73850000E-02	
1.14100000E+02	9.02680000E-03	1.00220000E-05	8.18050000E+02	1.72070000E-02	
1.19880000E+02	9.07760000E-03	1.00700000E-05	8.22970000E+02	1.70290000E-02	
1.25880000E+02	9.12880000E-03	1.01190000E-05	8.27950000E+02	1.68520000E-02	
1.32120000E+02	9.18030000E-03	1.01680000E-05	8.32980000E+02	1.66760000E-02	
1.38600000E+02	9.23210000E-03	1.02170000E-05	8.38060000E+02	1.64990000E-02	
1.45330000E+02	9.28430000E-03	1.02670000E-05	8.43180000E+02	1.63230000E-02	
1.52310000E+02	9.33680000E-03	1.03160000E-05	8.48370000E+02	1.61470000E-02	
1.59560000E+02	9.38970000E-03	1.03660000E-05	8.53600000E+02	1.59720000E-02	
1.67070000E+02	9.44290000E-03	1.04150000E-05	8.58880000E+02	1.57970000E-02	
1.74850000E+02	9.49650000E-03	1.04650000E-05	8.64220000E+02	1.56220000E-02	
1.82920000E+02	9.55050000E-03	1.05150000E-05	8.69610000E+02	1.54480000E-02	
1.91270000E+02	9.60480000E-03	1.05650000E-05	8.75050000E+02	1.52740000E-02	
1.99930000E+02	9.65950000E-03	1.06150000E-05	8.80550000E+02	1.51000000E-02	
2.08880000E+02	9.71450000E-03	1.06650000E-05	8.86090000E+02	1.49270000E-02	
2.18140000E+02	9.77000000E-03	1.07160000E-05	8.91700000E+02	1.47540000E-02	
2.27720000E+02	9.82580000E-03	1.07660000E-05	8.97360000E+02	1.45810000E-02	
2.37620000E+02	9.88210000E-03	1.08170000E-05	9.03080000E+02	1.44090000E-02	
2.47860000E+02	9.93870000E-03	1.08680000E-05	9.08850000E+02	1.42370000E-02	
2.58430000E+02	9.99570000E-03	1.09190000E-05	9.14680000E+02	1.40660000E-02	
2.69350000E+02	1.00530000E-02	1.09710000E-05	9.20580000E+02	1.38950000E-02	
2.80620000E+02	1.01110000E-02	1.10220000E-05	9.26530000E+02	1.37240000E-02	
2.92260000E+02	1.01690000E-02	1.10740000E-05	9.32540000E+02	1.35540000E-02	
3.04260000E+02	1.02280000E-02	1.11250000E-05	9.38620000E+02	1.33840000E-02	
3.16640000E+02	1.02870000E-02	1.11770000E-05	9.44770000E+02	1.32150000E-02	
3.29410000E+02	1.03470000E-02	1.12300000E-05	9.50980000E+02	1.30460000E-02	
3.42570000E+02	1.04090000E-02	1.12820000E-05	9.57270000E+02	1.28780000E-02	
3.56130000E+02	1.04760000E-02	1.13350000E-05	9.63620000E+02	1.27090000E-02	
3.70100000E+02	1.05440000E-02	1.13870000E-05	9.70040000E+02	1.25420000E-02	
3.84480000E+02	1.06130000E-02	1.14410000E-05	9.76550000E+02	1.23740000E-02	
3.99300000E+02	1.06830000E-02	1.14940000E-05	9.83130000E+02	1.22080000E-02	
4.14540000E+02	1.07540000E-02	1.15470000E-05	9.89780000E+02	1.20410000E-02	
4.30230000E+02	1.08260000E-02	1.16010000E-05	9.96530000E+02	1.18750000E-02	
4.46370000E+02	1.08980000E-02	1.16550000E-05	1.00340000E+03	1.17100000E-02	
4.62960000E+02	1.09720000E-02	1.17090000E-05	1.01030000E+03	1.15450000E-02	
4.80030000E+02	1.10470000E-02	1.17640000E-05	1.01730000E+03	1.13800000E-02	
4.97560000E+02	1.11230000E-02	1.18180000E-05	1.02440000E+03	1.12160000E-02	
5.15590000E+02	1.12000000E-02	1.18730000E-05	1.03160000E+03	1.10520000E-02	
5.34110000E+02	1.12780000E-02	1.19290000E-05	1.03890000E+03	1.08890000E-02	
5.53120000E+02	1.13580000E-02	1.19840000E-05	1.04620000E+03	1.07260000E-02	
5.72650000E+02	1.14390000E-02	1.20400000E-05	1.05370000E+03	1.05640000E-02	
5.92700000E+02	1.15210000E-02	1.20960000E-05	1.06140000E+03	1.04020000E-02	
6.13280000E+02	1.16050000E-02	1.21530000E-05	1.06910000E+03	1.02410000E-02	
6.34400000E+02	1.16900000E-02	1.22100000E-05	1.07690000E+03	1.00800000E-02	
6.56060000E+02	1.17770000E-02	1.22670000E-05	1.08490000E+03	9.92010000E-03	
6.78280000E+02	1.18650000E-02	1.23240000E-05	1.09300000E+03	9.76040000E-03	
7.01070000E+02	1.19550000E-02	1.23820000E-05	1.10120000E+03	9.60110000E-03	
7.24430000E+02	1.20460000E-02	1.24400000E-05	1.10950000E+03	9.44240000E-03	
7.48370000E+02	1.21390000E-02	1.24990000E-05	1.11800000E+03	9.28420000E-03	
7.72910000E+02	1.22350000E-02	1.25580000E-05	1.12670000E+03	9.12650000E-03	
7.98050000E+02	1.23320000E-02	1.26170000E-05	1.13550000E+03	8.96940000E-03	
8.23810000E+02	1.24310000E-02	1.26770000E-05	1.14450000E+03	8.81270000E-03	
8.50190000E+02	1.25320000E-02	1.27370000E-05	1.15360000E+03	8.65670000E-03	
8.77200000E+02	1.26350000E-02	1.27980000E-05	1.16290000E+03	8.50120000E-03	
9.04850000E+02	1.27410000E-02	1.28590000E-05	1.17240000E+03	8.34620000E-03	
9.33150000E+02	1.28490000E-02	1.29200000E-05	1.18220000E+03	8.19190000E-03	
9.62120000E+02	1.29590000E-02	1.29820000E-05	1.19210000E+03	8.03800000E-03	
9.91760000E+02	1.30720000E-02	1.30450000E-05	1.20220000E+03	7.88480000E-03	
1.02210000E+03	1.31870000E-02	1.31080000E-05	1.21260000E+03	7.73220000E-03	
1.05310000E+03	1.33060000E-02	1.31720000E-05	1.22330000E+03	7.58010000E-03	
1.08480000E+03	1.34020000E-02	1.33590000E-05	1.23420000E+03	7.42870000E-03	
1.11720000E+03	1.35250000E-02	1.34280000E-05	1.24540000E+03	7.27780000E-03	
1.15040000E+03	1.36520000E-02	1.34980000E-05	1.25700000E+03	7.12760000E-03	
1.18430000E+03	1.37820000E-02	1.35680000E-05	1.26880000E+03	6.97800000E-03	
1.21890000E+03	1.39150000E-02	1.36400000E-05	1.28100000E+03	6.82900000E-03	
1.25430000E+03	1.40520000E-02	1.37130000E-05	1.29350000E+03	6.68070000E-03	
1.29050000E+03	1.41930000E-02	1.37870000E-05	1.30650000E+03	6.53300000E-03	
1.32740000E+03	1.43390000E-02	1.38620000E-05	1.31980000E+03	6.38600000E-03	
1.36510000E+03	1.44880000E-02	1.39370000E-05	1.33370000E+03	6.23960000E-03	
1.40360000E+03	1.46420000E-02	1.40150000E-05	1.34790000E+03	6.09400000E-03	
1.44300000E+03	1.48000000E-02	1.40930000E-05	1.36270000E+03	5.94900000E-03	
1.48310000E+03	1.49630000E-02	1.41720000E-05	1.37800000E+03	5.80470000E-03	
1.52410000E+03	1.51320000E-02	1.42530000E-05	1.39390000E+03	5.66110000E-03	
1.56600000E+03	1.53050000E-02	1.43350000E-05	1.41050000E+03	5.51820000E-03	
1.60870000E+03	1.54850000E-02	1.44190000E-05	1.42760000E+03	5.37600000E-03	
1.65220000E+03	1.56710000E-02	1.45040000E-05	1.44550000E+03	5.23460000E-03	
1.69670000E+03	1.58620000E-02	1.45900000E-05	1.46410000E+03	5.09400000E-03	
1.74200000E+03	1.60610000E-02	1.46780000E-05	1.48350000E+03	4.95410000E-03	
1.78830000E+03	1.62670000E-02	1.47680000E-05	1.50370000E+03	4.81500000E-03	
1.83540000E+03	1.64800000E-02	1.48590000E-05	1.52490000E+03	4.67670000E-03	
1.88350000E+03	1.67010000E-02	1.49530000E-05	1.54710000E+03	4.53920000E-03	
1.93260000E+03	1.69300000E-02	1.50480000E-05	1.57030000E+03	4.40250000E-03	
1.98260000E+03	1.71680000E-02	1.51450000E-05	1.59460000E+03	4.26660000E-03	
2.03350000E+03	1.74180000E-02	1.52450000E-05	1.62020000E+03	4.13160000E-03	
2.08550000E+03	1.76800000E-02	1.53460000E-05	1.64700000E+03	3.99740000E-03	
2.13850000E+03	1.79540000E-02	1.54510000E-05	1.67530000E+03	3.86420000E-03	
2.19240000E+03	1.82390000E-02	1.55570000E-05	1.70520000E+03	3.73180000E-03	
2.24740000E+03	1.85370000E-02	1.56660000E-05	1.73670000E+03	3.60040000E-03	
2.30350000E+03	1.88490000E-02	1.57790000E-05	1.77000000E+03	3.46990000E-03	
2.36050000E+03	1.91740000E-02	1.58940000E-05	1.80540000E+03	3.34040000E-03	
2.41870000E+03	1.95150000E-02	1.60120000E-05	1.84290000E+03	3.21190000E-03	
2.47790000E+03	1.98720000E-02	1.61340000E-05	1.88270000E+03	3.08430000E-03	
2.53830000E+03	2.02470000E-02	1.62600000E-05	1.92520000E+03	2.95780000E-03	
2.59980000E+03	2.06410000E-02	1.63890000E-05	1.97070000E+03	2.83240000E-03	
2.66240000E+03	2.10550000E-02	1.65230000E-05	2.01930000E+03	2.70810000E-03	
2.72610000E+03	2.14910000E-02	1.66610000E-05	2.07150000E+03	2.58490000E-03	
2.79110000E+03	2.19510000E-02	1.68040000E-05	2.12770000E+03	2.46280000E-03	
2.85720000E+03	2.24370000E-02	1.69520000E-05	2.18840000E+03	2.34190000E-03	
2.92450000E+03	2.29500000E-02	1.71070000E-05	2.25410000E+03	2.22230000E-03	
2.99300000E+03	2.34950000E-02	1.72670000E-05	2.32560000E+03	2.10390000E-03	
3.06280000E+03	2.40730000E-02	1.74340000E-05	2.40360000E+03	1.98680000E-03	
3.13390000E+03	2.46880000E-02	1.76090000E-05	2.48920000E+03	1.87100000E-03	
3.20620000E+03	2.53430000E-02	1.77920000E-05	2.58340000E+03	1.75670000E-03	
3.27990000E+03	2.60440000E-02	1.79840000E-05	2.68770000E+03	1.64380000E-03	
3.35490000E+03	2.67940000E-02	1.81870000E-05	2.80400000E+03	1.53250000E-03	
3.43130000E+03	2.76000000E-02	1.84000000E-05	2.93430000E+03	1.42270000E-03	
3.50900000E+03	2.84690000E-02	1.86260000E-05	3.08140000E+03	1.31460000E-03	
3.58820000E+03	2.94090000E-02	1.88670000E-05	3.24890000E+03	1.20820000E-03	
3.66870000E+03	3.04310000E-02	1.91240000E-05	3.44150000E+03	1.10370000E-03	
3.75080000E+03	3.15470000E-02	1.93990000E-05	3.66530000E+03	1.00110000E-03	
3.83440000E+03	3.27720000E-02	1.96960000E-05	3.92870000E+03	9.00500000E-04	
3.87670000E+03	3.34320000E-02	1.98540000E-05	4.07860000E+03	8.51030000E-04	
3.91950000E+03	3.41270000E-02	2.00190000E-05	4.24310000E+03	8.02130000E-04	
3.96260000E+03	3.48610000E-02	2.01910000E-05	4.42440000E+03	7.53810000E-04	
4.00610000E+03	3.56380000E-02	2.03710000E-05	4.62530000E+03	7.06100000E-04	
4.05010000E+03	3.64620000E-02	2.05610000E-05	4.84910000E+03	6.59030000E-04	
4.09440000E+03	3.73390000E-02	2.07610000E-05	5.09990000E+03	6.12620000E-04	
4.13920000E+03	3.82760000E-02	2.09710000E-05	5.38290000E+03	5.66910000E-04	
4.18430000E+03	3.92810000E-02	2.11950000E-05	5.70490000E+03	5.21910000E-04	
4.22990000E+03	4.03640000E-02	2.14320000E-05	6.07440000E+03	4.77680000E-04	
4.27600000E+03	4.15350000E-02	2.16860000E-05	6.50270000E+03	4.34260000E-04	
4.32240000E+03	4.28120000E-02	2.19570000E-05	7.00510000E+03	3.91690000E-04	
4.36930000E+03	4.42140000E-02	2.22510000E-05	7.60260000E+03	3.50030000E-04	
4.41670000E+03	4.57650000E-02	2.25690000E-05	8.32480000E+03	3.09340000E-04	
4.46450000E+03	4.75020000E-02	2.29170000E-05	9.21510000E+03	2.69700000E-04	
4.51280000E+03	4.94740000E-02	2.33010000E-05	1.03400000E+04	2.31200000E-04	
4.56160000E+03	5.17520000E-02	2.37290000E-05	1.18040000E+04	1.93960000E-04	
4.61080000E+03	5.44470000E-02	2.42160000E-05	1.37900000E+04	1.58110000E-04	
4.63070000E+03	5.56790000E-02	2.44300000E-05	1.47970000E+04	1.44210000E-04	
4.65060000E+03	5.70220000E-02	2.46590000E-05	1.59710000E+04	1.30570000E-04	
4.67060000E+03	5.84990000E-02	2.49030000E-05	1.73560000E+04	1.17210000E-04	
4.69070000E+03	6.01360000E-02	2.51650000E-05	1.90150000E+04	1.04160000E-04	
4.71090000E+03	6.19740000E-02	2.54480000E-05	2.10380000E+04	9.14380000E-05	
4.73110000E+03	6.40660000E-02	2.57570000E-05	2.35570000E+04	7.90670000E-05	
4.75150000E+03	6.64870000E-02	2.60980000E-05	2.67820000E+04	6.70840000E-05	
4.77190000E+03	6.93560000E-02	2.64770000E-05	3.10500000E+04	5.55300000E-05	
4.79240000E+03	7.26630000E-02	2.56410000E-05	3.69620000E+04	4.44570000E-05	
4.81300000E+03	7.72510000E-02	2.61030000E-05	4.56720000E+04	3.39380000E-05	
4.83370000E+03	8.34910000E-02	2.66540000E-05	5.97240000E+04	2.40750000E-05	
4.85450000E+03	9.28810000E-02	2.73450000E-05	8.59540000E+04	1.50260000E-05	
4.87530000E+03	1.10060000E-01	2.82970000E-05	1.50760000E+05	7.07170000E-06	
4.87740000E+03	1.12710000E-01	2.84170000E-05	1.62770000E+05	6.35580000E-06	
4.87950000E+03	1.15650000E-01	2.85440000E-05	1.76790000E+05	5.65770000E-06	
4.88160000E+03	1.18960000E-01	2.86800000E-05	1.93300000E+05	4.97880000E-06	
4.88370000E+03	1.22730000E-01	2.88250000E-05	2.13220000E+05	4.32050000E-06	
4.88580000E+03	1.27050000E-01	2.89820000E-05	2.37430000E+05	3.68470000E-06	
4.88790000E+03	1.32090000E-01	2.91520000E-05	2.67610000E+05	3.07370000E-06	
4.89000000E+03	1.38080000E-01	2.93400000E-05	3.06230000E+05	2.49030000E-06	
4.89210000E+03	1.45400000E-01	2.95520000E-05	3.57470000E+05	1.93840000E-06	
4.89420000E+03	1.54650000E-01	2.97960000E-05	4.28600000E+05	1.42330000E-06	
4.89640000E+03	1.66890000E-01	3.00900000E-05	5.34170000E+05	9.53030000E-07	
4.89850000E+03	1.84010000E-01	3.04740000E-05	7.04230000E+05	5.41800000E-07	
4.90080000E+03	2.21830000E-01	3.14500000E-05	1.18630000E+06	2.44640000E-07	
4.90090000E+03	2.21400000E-01	3.14800000E-05	1.18170000E+06	2.32550000E-07	
4.90100000E+03	2.17500000E-01	3.13590000E-05	1.12410000E+06	2.11550000E-07