3.71570000E+00	-1.00000000E+02	6.07150000E+04	6.69070000E-04	3.70330000E+02	6.07130000E+04	1.49460000E+03	
4.06670000E+00	-9.90000000E+01	6.20640000E+04	6.70350000E-04	3.78100000E+02	6.20610000E+04	1.49170000E+03	
4.44540000E+00	-9.80000000E+01	6.34120000E+04	6.71650000E-04	3.85810000E+02	6.34090000E+04	1.48890000E+03	
4.85370000E+00	-9.70000000E+01	6.47590000E+04	6.72950000E-04	3.93480000E+02	6.47560000E+04	1.48600000E+03	
5.29330000E+00	-9.60000000E+01	6.61060000E+04	6.74260000E-04	4.01100000E+02	6.61020000E+04	1.48310000E+03	
5.76600000E+00	-9.50000000E+01	6.74520000E+04	6.75570000E-04	4.08680000E+02	6.74480000E+04	1.48020000E+03	
6.27400000E+00	-9.40000000E+01	6.87980000E+04	6.76890000E-04	4.16210000E+02	6.87940000E+04	1.47730000E+03	
6.81910000E+00	-9.30000000E+01	7.01430000E+04	6.78220000E-04	4.23700000E+02	7.01390000E+04	1.47450000E+03	
7.40360000E+00	-9.20000000E+01	7.14880000E+04	6.79550000E-04	4.31140000E+02	7.14830000E+04	1.47160000E+03	
8.02960000E+00	-9.10000000E+01	7.28330000E+04	6.80890000E-04	4.38540000E+02	7.28280000E+04	1.46870000E+03	
8.69950000E+00	-9.00000000E+01	7.41780000E+04	6.82240000E-04	4.45900000E+02	7.41720000E+04	1.46580000E+03	
9.41560000E+00	-8.90000000E+01	7.55230000E+04	6.83600000E-04	4.53220000E+02	7.55160000E+04	1.46290000E+03	
1.01800000E+01	-8.80000000E+01	7.68670000E+04	6.84960000E-04	4.60500000E+02	7.68600000E+04	1.45990000E+03	
1.09960000E+01	-8.70000000E+01	7.82110000E+04	6.86330000E-04	4.67740000E+02	7.82040000E+04	1.45700000E+03	
1.18660000E+01	-8.60000000E+01	7.95560000E+04	6.87710000E-04	4.74940000E+02	7.95480000E+04	1.45410000E+03	
1.27930000E+01	-8.50000000E+01	8.09000000E+04	6.89090000E-04	4.82100000E+02	8.08910000E+04	1.45120000E+03	
1.37790000E+01	-8.40000000E+01	8.22450000E+04	6.90490000E-04	4.89220000E+02	8.22350000E+04	1.44830000E+03	
1.48270000E+01	-8.30000000E+01	8.35900000E+04	6.91890000E-04	4.96310000E+02	8.35790000E+04	1.44530000E+03	
1.59410000E+01	-8.20000000E+01	8.49350000E+04	6.93300000E-04	5.03360000E+02	8.49230000E+04	1.44240000E+03	
1.71230000E+01	-8.10000000E+01	8.62800000E+04	6.94720000E-04	5.10370000E+02	8.62680000E+04	1.43940000E+03	
1.83770000E+01	-8.00000000E+01	8.76250000E+04	6.96140000E-04	5.17350000E+02	8.76120000E+04	1.43650000E+03	
1.97060000E+01	-7.90000000E+01	8.89710000E+04	6.97580000E-04	5.24300000E+02	8.89570000E+04	1.43350000E+03	
2.11130000E+01	-7.80000000E+01	9.03170000E+04	6.99020000E-04	5.31210000E+02	9.03020000E+04	1.43060000E+03	
2.26020000E+01	-7.70000000E+01	9.16640000E+04	7.00470000E-04	5.38090000E+02	9.16480000E+04	1.42760000E+03	
2.41760000E+01	-7.60000000E+01	9.30110000E+04	7.01930000E-04	5.44930000E+02	9.29940000E+04	1.42460000E+03	
2.58390000E+01	-7.50000000E+01	9.43580000E+04	7.03400000E-04	5.51740000E+02	9.43400000E+04	1.42170000E+03	
2.75950000E+01	-7.40000000E+01	9.57060000E+04	7.04880000E-04	5.58520000E+02	9.56870000E+04	1.41870000E+03	
2.94470000E+01	-7.30000000E+01	9.70550000E+04	7.06360000E-04	5.65270000E+02	9.70340000E+04	1.41570000E+03	
3.14000000E+01	-7.20000000E+01	9.84040000E+04	7.07860000E-04	5.71990000E+02	9.83820000E+04	1.41270000E+03	
3.34580000E+01	-7.10000000E+01	9.97540000E+04	7.09360000E-04	5.78680000E+02	9.97300000E+04	1.40970000E+03	
3.56240000E+01	-7.00000000E+01	1.01100000E+05	7.10880000E-04	5.85330000E+02	1.01080000E+05	1.40670000E+03	
3.79030000E+01	-6.90000000E+01	1.02460000E+05	7.12400000E-04	5.91960000E+02	1.02430000E+05	1.40370000E+03	
4.03000000E+01	-6.80000000E+01	1.03810000E+05	7.13940000E-04	5.98560000E+02	1.03780000E+05	1.40070000E+03	
4.28180000E+01	-6.70000000E+01	1.05160000E+05	7.15480000E-04	6.05130000E+02	1.05130000E+05	1.39770000E+03	
4.54620000E+01	-6.60000000E+01	1.06510000E+05	7.17040000E-04	6.11670000E+02	1.06480000E+05	1.39460000E+03	
4.82370000E+01	-6.50000000E+01	1.07870000E+05	7.18600000E-04	6.18190000E+02	1.07830000E+05	1.39160000E+03	
5.11480000E+01	-6.40000000E+01	1.09230000E+05	7.20180000E-04	6.24670000E+02	1.09190000E+05	1.38850000E+03	
5.41990000E+01	-6.30000000E+01	1.10580000E+05	7.21760000E-04	6.31130000E+02	1.10540000E+05	1.38550000E+03	
5.73950000E+01	-6.20000000E+01	1.11940000E+05	7.23360000E-04	6.37570000E+02	1.11900000E+05	1.38240000E+03	
6.07420000E+01	-6.10000000E+01	1.13300000E+05	7.24970000E-04	6.43970000E+02	1.13250000E+05	1.37940000E+03	
6.42440000E+01	-6.00000000E+01	1.14660000E+05	7.26580000E-04	6.50360000E+02	1.14610000E+05	1.37630000E+03	
6.79060000E+01	-5.90000000E+01	1.16020000E+05	7.28210000E-04	6.56710000E+02	1.15970000E+05	1.37320000E+03	
7.17330000E+01	-5.80000000E+01	1.17380000E+05	7.29850000E-04	6.63050000E+02	1.17330000E+05	1.37010000E+03	
7.57320000E+01	-5.70000000E+01	1.18740000E+05	7.31510000E-04	6.69360000E+02	1.18690000E+05	1.36700000E+03	
7.99080000E+01	-5.60000000E+01	1.20110000E+05	7.33170000E-04	6.75640000E+02	1.20050000E+05	1.36390000E+03	
8.42650000E+01	-5.50000000E+01	1.21470000E+05	7.34850000E-04	6.81900000E+02	1.21410000E+05	1.36080000E+03	
8.88100000E+01	-5.40000000E+01	1.22840000E+05	7.36540000E-04	6.88140000E+02	1.22780000E+05	1.35770000E+03	
9.35480000E+01	-5.30000000E+01	1.24210000E+05	7.38240000E-04	6.94350000E+02	1.24140000E+05	1.35460000E+03	
9.84860000E+01	-5.20000000E+01	1.25580000E+05	7.39950000E-04	7.00550000E+02	1.25510000E+05	1.35140000E+03	
1.03630000E+02	-5.10000000E+01	1.26950000E+05	7.41680000E-04	7.06720000E+02	1.26870000E+05	1.34830000E+03	
1.08980000E+02	-5.00000000E+01	1.28320000E+05	7.43420000E-04	7.12860000E+02	1.28240000E+05	1.34510000E+03	
1.14550000E+02	-4.90000000E+01	1.29700000E+05	7.45170000E-04	7.18990000E+02	1.29610000E+05	1.34200000E+03	
1.20350000E+02	-4.80000000E+01	1.31080000E+05	7.46940000E-04	7.25100000E+02	1.30990000E+05	1.33880000E+03	
1.26370000E+02	-4.70000000E+01	1.32450000E+05	7.48720000E-04	7.31180000E+02	1.32360000E+05	1.33560000E+03	
1.32630000E+02	-4.60000000E+01	1.33830000E+05	7.50510000E-04	7.37250000E+02	1.33730000E+05	1.33240000E+03	
1.39130000E+02	-4.50000000E+01	1.35210000E+05	7.52320000E-04	7.43290000E+02	1.35110000E+05	1.32920000E+03	
1.45880000E+02	-4.40000000E+01	1.36600000E+05	7.54150000E-04	7.49320000E+02	1.36490000E+05	1.32600000E+03	
1.52880000E+02	-4.30000000E+01	1.37980000E+05	7.55990000E-04	7.55320000E+02	1.37870000E+05	1.32280000E+03	
1.60150000E+02	-4.20000000E+01	1.39370000E+05	7.57840000E-04	7.61310000E+02	1.39250000E+05	1.31950000E+03	
1.67690000E+02	-4.10000000E+01	1.40760000E+05	7.59710000E-04	7.67280000E+02	1.40630000E+05	1.31630000E+03	
1.75500000E+02	-4.00000000E+01	1.42150000E+05	7.61590000E-04	7.73230000E+02	1.42010000E+05	1.31300000E+03	
1.83590000E+02	-3.90000000E+01	1.43540000E+05	7.63490000E-04	7.79160000E+02	1.43400000E+05	1.30980000E+03	
1.91970000E+02	-3.80000000E+01	1.44930000E+05	7.65410000E-04	7.85080000E+02	1.44790000E+05	1.30650000E+03	
2.00650000E+02	-3.70000000E+01	1.46330000E+05	7.67350000E-04	7.90980000E+02	1.46170000E+05	1.30320000E+03	
2.09630000E+02	-3.60000000E+01	1.47730000E+05	7.69300000E-04	7.96860000E+02	1.47570000E+05	1.29990000E+03	
2.18920000E+02	-3.50000000E+01	1.49130000E+05	7.71260000E-04	8.02720000E+02	1.48960000E+05	1.29660000E+03	
2.28530000E+02	-3.40000000E+01	1.50530000E+05	7.73250000E-04	8.08570000E+02	1.50350000E+05	1.29320000E+03	
2.38470000E+02	-3.30000000E+01	1.51940000E+05	7.75250000E-04	8.14400000E+02	1.51750000E+05	1.28990000E+03	
2.48740000E+02	-3.20000000E+01	1.53340000E+05	7.77280000E-04	8.20220000E+02	1.53150000E+05	1.28650000E+03	
2.59340000E+02	-3.10000000E+01	1.54750000E+05	7.79320000E-04	8.26020000E+02	1.54550000E+05	1.28320000E+03	
2.70300000E+02	-3.00000000E+01	1.56170000E+05	7.81380000E-04	8.31800000E+02	1.55960000E+05	1.27980000E+03	
2.81610000E+02	-2.90000000E+01	1.57580000E+05	7.83460000E-04	8.37570000E+02	1.57360000E+05	1.27640000E+03	
2.93280000E+02	-2.80000000E+01	1.59000000E+05	7.85560000E-04	8.43330000E+02	1.58770000E+05	1.27300000E+03	
3.05320000E+02	-2.70000000E+01	1.60420000E+05	7.87680000E-04	8.49070000E+02	1.60180000E+05	1.26960000E+03	
3.17740000E+02	-2.60000000E+01	1.61840000E+05	7.89820000E-04	8.54800000E+02	1.61590000E+05	1.26610000E+03	
3.30550000E+02	-2.50000000E+01	1.63270000E+05	7.91980000E-04	8.60520000E+02	1.63010000E+05	1.26270000E+03	
3.43750000E+02	-2.40000000E+01	1.64700000E+05	7.94170000E-04	8.66220000E+02	1.64420000E+05	1.25920000E+03	
3.57350000E+02	-2.30000000E+01	1.66130000E+05	7.96370000E-04	8.71910000E+02	1.65840000E+05	1.25570000E+03	
3.71370000E+02	-2.20000000E+01	1.67560000E+05	7.98600000E-04	8.77590000E+02	1.67260000E+05	1.25220000E+03	
3.85800000E+02	-2.10000000E+01	1.69000000E+05	8.00860000E-04	8.83250000E+02	1.68690000E+05	1.24870000E+03	
4.00660000E+02	-2.00000000E+01	1.70440000E+05	8.03130000E-04	8.88900000E+02	1.70120000E+05	1.24510000E+03	
4.15950000E+02	-1.90000000E+01	1.71880000E+05	8.05440000E-04	8.94550000E+02	1.71550000E+05	1.24160000E+03	
4.31690000E+02	-1.80000000E+01	1.73330000E+05	8.07760000E-04	9.00180000E+02	1.72980000E+05	1.23800000E+03	
4.47880000E+02	-1.70000000E+01	1.74780000E+05	8.10110000E-04	9.05800000E+02	1.74420000E+05	1.23440000E+03	
4.64530000E+02	-1.60000000E+01	1.76230000E+05	8.12490000E-04	9.11400000E+02	1.75850000E+05	1.23080000E+03	
4.81650000E+02	-1.50000000E+01	1.77690000E+05	8.14900000E-04	9.17000000E+02	1.77290000E+05	1.22710000E+03	
4.99240000E+02	-1.40000000E+01	1.79150000E+05	8.17330000E-04	9.22590000E+02	1.78740000E+05	1.22350000E+03	
5.17330000E+02	-1.30000000E+01	1.80610000E+05	8.19790000E-04	9.28170000E+02	1.80190000E+05	1.21980000E+03	
5.35900000E+02	-1.20000000E+01	1.82080000E+05	8.22280000E-04	9.33740000E+02	1.81640000E+05	1.21610000E+03	
5.54980000E+02	-1.10000000E+01	1.83550000E+05	8.24800000E-04	9.39300000E+02	1.83090000E+05	1.21240000E+03	
5.74580000E+02	-1.00000000E+01	1.85020000E+05	8.27350000E-04	9.44860000E+02	1.84550000E+05	1.20870000E+03	
5.94690000E+02	-9.00000000E+00	1.86500000E+05	8.29930000E-04	9.50400000E+02	1.86010000E+05	1.20490000E+03	
6.15340000E+02	-8.00000000E+00	1.87990000E+05	8.32550000E-04	9.55940000E+02	1.87470000E+05	1.20110000E+03	
6.36520000E+02	-7.00000000E+00	1.89470000E+05	8.35190000E-04	9.61470000E+02	1.88940000E+05	1.19730000E+03	
6.58260000E+02	-6.00000000E+00	1.90960000E+05	8.37870000E-04	9.66990000E+02	1.90410000E+05	1.19350000E+03	
6.80550000E+02	-5.00000000E+00	1.92460000E+05	8.40590000E-04	9.72510000E+02	1.91890000E+05	1.18960000E+03	
7.03410000E+02	-4.00000000E+00	1.93960000E+05	8.43340000E-04	9.78020000E+02	1.93360000E+05	1.18580000E+03	
7.26840000E+02	-3.00000000E+00	1.95460000E+05	8.46130000E-04	9.83520000E+02	1.94850000E+05	1.18190000E+03	
7.50860000E+02	-2.00000000E+00	1.96970000E+05	8.48950000E-04	9.89020000E+02	1.96330000E+05	1.17790000E+03	
7.75480000E+02	-1.00000000E+00	1.98480000E+05	8.51820000E-04	9.94510000E+02	1.97820000E+05	1.17400000E+03	
8.00700000E+02	0.00000000E+00	2.00000000E+05	8.54720000E-04	1.00000000E+03	1.99320000E+05	1.17000000E+03	
8.26540000E+02	1.00000000E+00	2.01520000E+05	8.57660000E-04	1.00550000E+03	2.00810000E+05	1.16600000E+03	
8.53000000E+02	2.00000000E+00	2.03050000E+05	8.60650000E-04	1.01100000E+03	2.02320000E+05	1.16190000E+03	
8.80100000E+02	3.00000000E+00	2.04580000E+05	8.63680000E-04	1.01640000E+03	2.03820000E+05	1.15780000E+03	
9.07840000E+02	4.00000000E+00	2.06120000E+05	8.66750000E-04	1.02190000E+03	2.05330000E+05	1.15370000E+03	
9.36230000E+02	5.00000000E+00	2.07660000E+05	8.69870000E-04	1.02740000E+03	2.06850000E+05	1.14960000E+03	
9.65290000E+02	6.00000000E+00	2.09210000E+05	8.73040000E-04	1.03280000E+03	2.08370000E+05	1.14540000E+03	
9.95020000E+02	7.00000000E+00	2.10770000E+05	8.76260000E-04	1.03830000E+03	2.09890000E+05	1.14120000E+03	
1.02540000E+03	8.00000000E+00	2.12330000E+05	8.79520000E-04	1.04380000E+03	2.11420000E+05	1.13700000E+03	
1.05650000E+03	9.00000000E+00	2.13890000E+05	8.82840000E-04	1.04920000E+03	2.12960000E+05	1.13270000E+03	
1.08840000E+03	1.00000000E+01	2.15460000E+05	8.86210000E-04	1.05470000E+03	2.14500000E+05	1.12840000E+03	
1.12090000E+03	1.10000000E+01	2.17040000E+05	8.89640000E-04	1.06020000E+03	2.16040000E+05	1.12400000E+03	
1.15410000E+03	1.20000000E+01	2.18630000E+05	8.93130000E-04	1.06560000E+03	2.17590000E+05	1.11970000E+03	
1.18810000E+03	1.30000000E+01	2.20220000E+05	8.96670000E-04	1.07110000E+03	2.19150000E+05	1.11520000E+03	
1.22290000E+03	1.40000000E+01	2.21810000E+05	9.00270000E-04	1.07650000E+03	2.20710000E+05	1.11080000E+03	
1.25840000E+03	1.50000000E+01	2.23420000E+05	9.03940000E-04	1.08200000E+03	2.22280000E+05	1.10630000E+03	
1.29460000E+03	1.60000000E+01	2.25030000E+05	9.07670000E-04	1.08750000E+03	2.23850000E+05	1.10170000E+03	
1.33170000E+03	1.70000000E+01	2.26640000E+05	9.11480000E-04	1.09290000E+03	2.25430000E+05	1.09710000E+03	
1.36950000E+03	1.80000000E+01	2.28270000E+05	9.15350000E-04	1.09840000E+03	2.27020000E+05	1.09250000E+03	
1.40820000E+03	1.90000000E+01	2.29900000E+05	9.19290000E-04	1.10390000E+03	2.28610000E+05	1.08780000E+03	
1.44760000E+03	2.00000000E+01	2.31540000E+05	9.23310000E-04	1.10940000E+03	2.30210000E+05	1.08310000E+03	
1.48790000E+03	2.10000000E+01	2.33190000E+05	9.27400000E-04	1.11480000E+03	2.31810000E+05	1.07830000E+03	
1.52900000E+03	2.20000000E+01	2.34850000E+05	9.31580000E-04	1.12030000E+03	2.33420000E+05	1.07340000E+03	
1.57090000E+03	2.30000000E+01	2.36510000E+05	9.35840000E-04	1.12580000E+03	2.35040000E+05	1.06860000E+03	
1.61380000E+03	2.40000000E+01	2.38180000E+05	9.40190000E-04	1.13130000E+03	2.36660000E+05	1.06360000E+03	
1.65740000E+03	2.50000000E+01	2.39860000E+05	9.44630000E-04	1.13680000E+03	2.38300000E+05	1.05860000E+03	
1.70200000E+03	2.60000000E+01	2.41550000E+05	9.49160000E-04	1.14240000E+03	2.39940000E+05	1.05360000E+03	
1.74750000E+03	2.70000000E+01	2.43250000E+05	9.53790000E-04	1.14790000E+03	2.41590000E+05	1.04840000E+03	
1.79380000E+03	2.80000000E+01	2.44960000E+05	9.58520000E-04	1.15340000E+03	2.43240000E+05	1.04330000E+03	
1.84110000E+03	2.90000000E+01	2.46680000E+05	9.63360000E-04	1.15900000E+03	2.44910000E+05	1.03800000E+03	
1.88930000E+03	3.00000000E+01	2.48410000E+05	9.68320000E-04	1.16450000E+03	2.46580000E+05	1.03270000E+03	
1.93850000E+03	3.10000000E+01	2.50150000E+05	9.73380000E-04	1.17010000E+03	2.48260000E+05	1.02730000E+03	
1.98860000E+03	3.20000000E+01	2.51900000E+05	9.78580000E-04	1.17570000E+03	2.49950000E+05	1.02190000E+03	
2.03970000E+03	3.30000000E+01	2.53660000E+05	9.83890000E-04	1.18130000E+03	2.51650000E+05	1.01640000E+03	
2.09180000E+03	3.40000000E+01	2.55430000E+05	9.89350000E-04	1.18690000E+03	2.53360000E+05	1.01080000E+03	
2.14490000E+03	3.50000000E+01	2.57220000E+05	9.94940000E-04	1.19250000E+03	2.55080000E+05	1.00510000E+03	
2.19890000E+03	3.60000000E+01	2.59010000E+05	1.00070000E-03	1.19820000E+03	2.56810000E+05	9.99320000E+02	
2.25400000E+03	3.70000000E+01	2.60820000E+05	1.00660000E-03	1.20380000E+03	2.58550000E+05	9.93470000E+02	
2.31020000E+03	3.80000000E+01	2.62650000E+05	1.01260000E-03	1.20950000E+03	2.60310000E+05	9.87520000E+02	
2.36740000E+03	3.90000000E+01	2.64480000E+05	1.01890000E-03	1.21520000E+03	2.62070000E+05	9.81480000E+02	
2.42560000E+03	4.00000000E+01	2.66330000E+05	1.02530000E-03	1.22100000E+03	2.63850000E+05	9.75330000E+02	
2.48500000E+03	4.10000000E+01	2.68200000E+05	1.03190000E-03	1.22670000E+03	2.65640000E+05	9.69080000E+02	
2.54540000E+03	4.20000000E+01	2.70080000E+05	1.03870000E-03	1.23250000E+03	2.67440000E+05	9.62720000E+02	
2.60700000E+03	4.30000000E+01	2.71980000E+05	1.04580000E-03	1.23830000E+03	2.69260000E+05	9.56230000E+02	
2.66970000E+03	4.40000000E+01	2.73900000E+05	1.05310000E-03	1.24420000E+03	2.71090000E+05	9.49620000E+02	
2.73350000E+03	4.50000000E+01	2.75840000E+05	1.06060000E-03	1.25010000E+03	2.72940000E+05	9.42880000E+02	
2.79850000E+03	4.60000000E+01	2.77800000E+05	1.06840000E-03	1.25600000E+03	2.74810000E+05	9.35990000E+02	
2.86470000E+03	4.70000000E+01	2.79770000E+05	1.07650000E-03	1.26190000E+03	2.76690000E+05	9.28950000E+02	
2.93210000E+03	4.80000000E+01	2.81770000E+05	1.08490000E-03	1.26800000E+03	2.78590000E+05	9.21750000E+02	
3.00070000E+03	4.90000000E+01	2.83800000E+05	1.09360000E-03	1.27400000E+03	2.80520000E+05	9.14370000E+02	
3.07060000E+03	5.00000000E+01	2.85850000E+05	1.10280000E-03	1.28010000E+03	2.82460000E+05	9.06800000E+02	
3.14170000E+03	5.10000000E+01	2.87930000E+05	1.11230000E-03	1.28630000E+03	2.84430000E+05	8.99030000E+02	
3.21400000E+03	5.20000000E+01	2.90030000E+05	1.12230000E-03	1.29260000E+03	2.86430000E+05	8.91030000E+02	
3.28770000E+03	5.30000000E+01	2.92170000E+05	1.13280000E-03	1.29890000E+03	2.88450000E+05	8.82790000E+02	
3.36270000E+03	5.40000000E+01	2.94350000E+05	1.14380000E-03	1.30530000E+03	2.90500000E+05	8.74270000E+02	
3.43910000E+03	5.50000000E+01	2.96570000E+05	1.15550000E-03	1.31180000E+03	2.92590000E+05	8.65460000E+02	
3.51680000E+03	5.60000000E+01	2.98830000E+05	1.16780000E-03	1.31840000E+03	2.94720000E+05	8.56310000E+02	
3.59590000E+03	5.70000000E+01	3.01130000E+05	1.18090000E-03	1.32510000E+03	2.96890000E+05	8.46800000E+02	
3.67640000E+03	5.80000000E+01	3.03500000E+05	1.19490000E-03	1.33190000E+03	2.99100000E+05	8.36860000E+02	
3.75840000E+03	5.90000000E+01	3.05920000E+05	1.21000000E-03	1.33900000E+03	3.01370000E+05	8.26450000E+02	
3.84180000E+03	6.00000000E+01	3.08410000E+05	1.22630000E-03	1.34610000E+03	3.03700000E+05	8.15490000E+02	
3.88410000E+03	6.05000000E+01	3.09690000E+05	1.23490000E-03	1.34980000E+03	3.04890000E+05	8.09780000E+02	
3.92680000E+03	6.10000000E+01	3.10990000E+05	1.24390000E-03	1.35350000E+03	3.06100000E+05	8.03900000E+02	
3.96990000E+03	6.15000000E+01	3.12310000E+05	1.25340000E-03	1.35730000E+03	3.07330000E+05	7.97830000E+02	
4.01330000E+03	6.20000000E+01	3.13660000E+05	1.26330000E-03	1.36120000E+03	3.08590000E+05	7.91570000E+02	
4.05710000E+03	6.25000000E+01	3.15030000E+05	1.27380000E-03	1.36510000E+03	3.09860000E+05	7.85080000E+02	
4.10140000E+03	6.30000000E+01	3.16440000E+05	1.28480000E-03	1.36910000E+03	3.11170000E+05	7.78340000E+02	
4.14600000E+03	6.35000000E+01	3.17870000E+05	1.29640000E-03	1.37320000E+03	3.12500000E+05	7.71340000E+02	
4.19110000E+03	6.40000000E+01	3.19350000E+05	1.30880000E-03	1.37750000E+03	3.13860000E+05	7.64040000E+02	
4.23650000E+03	6.45000000E+01	3.20870000E+05	1.32200000E-03	1.38180000E+03	3.15270000E+05	7.56410000E+02	
4.28240000E+03	6.50000000E+01	3.22430000E+05	1.33620000E-03	1.38620000E+03	3.16710000E+05	7.48400000E+02	
4.32870000E+03	6.55000000E+01	3.24050000E+05	1.35140000E-03	1.39080000E+03	3.18200000E+05	7.39960000E+02	
4.37540000E+03	6.60000000E+01	3.25730000E+05	1.36790000E-03	1.39560000E+03	3.19740000E+05	7.31030000E+02	
4.42260000E+03	6.65000000E+01	3.27480000E+05	1.38600000E-03	1.40060000E+03	3.21350000E+05	7.21530000E+02	
4.47020000E+03	6.70000000E+01	3.29320000E+05	1.40580000E-03	1.40580000E+03	3.23030000E+05	7.11340000E+02	
4.51830000E+03	6.75000000E+01	3.31250000E+05	1.42790000E-03	1.41130000E+03	3.24800000E+05	7.00330000E+02	
4.56680000E+03	6.80000000E+01	3.33320000E+05	1.45290000E-03	1.41710000E+03	3.26690000E+05	6.88290000E+02	
4.61570000E+03	6.85000000E+01	3.35550000E+05	1.48160000E-03	1.42340000E+03	3.28710000E+05	6.74950000E+02	
4.63540000E+03	6.87000000E+01	3.36500000E+05	1.49440000E-03	1.42610000E+03	3.29580000E+05	6.69150000E+02	
4.65520000E+03	6.89000000E+01	3.37500000E+05	1.50820000E-03	1.42890000E+03	3.30470000E+05	6.63020000E+02	
4.67510000E+03	6.91000000E+01	3.38530000E+05	1.52320000E-03	1.43190000E+03	3.31410000E+05	6.56530000E+02	
4.69500000E+03	6.93000000E+01	3.39630000E+05	1.53940000E-03	1.43500000E+03	3.32400000E+05	6.49610000E+02	
4.71500000E+03	6.95000000E+01	3.40790000E+05	1.55720000E-03	1.43830000E+03	3.33450000E+05	6.42170000E+02	
4.73510000E+03	6.97000000E+01	3.42030000E+05	1.57700000E-03	1.44180000E+03	3.34560000E+05	6.34100000E+02	
4.75520000E+03	6.99000000E+01	3.43380000E+05	1.59940000E-03	1.44570000E+03	3.35770000E+05	6.25250000E+02	
4.77550000E+03	7.01000000E+01	3.44850000E+05	1.62500000E-03	1.44990000E+03	3.37090000E+05	6.15400000E+02	
4.79570000E+03	7.03000000E+01	3.46510000E+05	1.65500000E-03	1.45460000E+03	3.38570000E+05	6.04230000E+02	
4.81600000E+03	7.05000000E+01	3.48410000E+05	1.69130000E-03	1.46000000E+03	3.40260000E+05	5.91250000E+02	
4.83640000E+03	7.07000000E+01	3.50680000E+05	1.73730000E-03	1.46650000E+03	3.42280000E+05	5.75610000E+02	
4.85670000E+03	7.09000000E+01	3.53550000E+05	1.79880000E-03	1.47480000E+03	3.44810000E+05	5.55930000E+02	
4.87700000E+03	7.11000000E+01	3.57430000E+05	1.88810000E-03	1.48600000E+03	3.48230000E+05	5.29630000E+02	
4.87910000E+03	7.11200000E+01	3.57910000E+05	1.89950000E-03	1.48730000E+03	3.48640000E+05	5.26460000E+02	
4.88110000E+03	7.11400000E+01	3.58410000E+05	1.91150000E-03	1.48880000E+03	3.49080000E+05	5.23150000E+02	
4.88310000E+03	7.11600000E+01	3.58930000E+05	1.92420000E-03	1.49030000E+03	3.49540000E+05	5.19710000E+02	
4.88510000E+03	7.11800000E+01	3.59490000E+05	1.93770000E-03	1.49190000E+03	3.50020000E+05	5.16080000E+02	
4.88710000E+03	7.12000000E+01	3.60070000E+05	1.95210000E-03	1.49360000E+03	3.50530000E+05	5.12270000E+02	
4.88910000E+03	7.12200000E+01	3.60700000E+05	1.96790000E-03	1.49540000E+03	3.51080000E+05	5.08160000E+02	
4.89110000E+03	7.12400000E+01	3.61370000E+05	1.98450000E-03	1.49730000E+03	3.51660000E+05	5.03900000E+02	
4.89310000E+03	7.12600000E+01	3.62100000E+05	2.00320000E-03	1.49940000E+03	3.52300000E+05	4.99210000E+02	
4.89510000E+03	7.12800000E+01	3.62930000E+05	2.02440000E-03	1.50180000E+03	3.53020000E+05	4.93970000E+02	
4.89710000E+03	7.13000000E+01	3.63870000E+05	2.04910000E-03	1.50450000E+03	3.53840000E+05	4.88020000E+02	
4.89880000E+03	7.13200000E+01	3.67980000E+05	2.16170000E-03	1.51640000E+03	3.57390000E+05	4.62600000E+02	
4.90090000E+03	7.13400000E+01	3.67510000E+05	2.14760000E-03	1.51510000E+03	3.56990000E+05	4.65630000E+02	
4.90100000E+03	7.13410000E+01	3.67590000E+05	2.14970000E-03	1.51530000E+03	3.57050000E+05	4.65190000E+02	
4.90110000E+03	7.13420000E+01	3.67660000E+05	2.15170000E-03	1.51550000E+03	3.57110000E+05	4.64750000E+02