3.67800000E+00	-1.00000000E+02	3.71750000E+05	5.36640000E+00	2.16730000E+03	3.52020000E+05	1.86340000E-01	
4.02670000E+00	-9.90000000E+01	3.72350000E+05	4.92850000E+00	2.16040000E+03	3.52500000E+05	2.02900000E-01	
4.40300000E+00	-9.80000000E+01	3.72940000E+05	4.53160000E+00	2.15360000E+03	3.52990000E+05	2.20670000E-01	
4.80870000E+00	-9.70000000E+01	3.73530000E+05	4.17160000E+00	2.14690000E+03	3.53470000E+05	2.39720000E-01	
5.24560000E+00	-9.60000000E+01	3.74120000E+05	3.84440000E+00	2.14040000E+03	3.53960000E+05	2.60120000E-01	
5.71550000E+00	-9.50000000E+01	3.74720000E+05	3.54690000E+00	2.13400000E+03	3.54440000E+05	2.81940000E-01	
6.22050000E+00	-9.40000000E+01	3.75310000E+05	3.27600000E+00	2.12760000E+03	3.54930000E+05	3.05250000E-01	
6.76260000E+00	-9.30000000E+01	3.75900000E+05	3.02890000E+00	2.12140000E+03	3.55410000E+05	3.30150000E-01	
7.34390000E+00	-9.20000000E+01	3.76490000E+05	2.80350000E+00	2.11530000E+03	3.55900000E+05	3.56700000E-01	
7.96650000E+00	-9.10000000E+01	3.77080000E+05	2.59750000E+00	2.10930000E+03	3.56380000E+05	3.84990000E-01	
8.63290000E+00	-9.00000000E+01	3.77660000E+05	2.40900000E+00	2.10340000E+03	3.56870000E+05	4.15110000E-01	
9.34530000E+00	-8.90000000E+01	3.78250000E+05	2.23640000E+00	2.09760000E+03	3.57350000E+05	4.47150000E-01	
1.01060000E+01	-8.80000000E+01	3.78840000E+05	2.07820000E+00	2.09190000E+03	3.57840000E+05	4.81190000E-01	
1.09180000E+01	-8.70000000E+01	3.79420000E+05	1.93300000E+00	2.08630000E+03	3.58320000E+05	5.17330000E-01	
1.17840000E+01	-8.60000000E+01	3.80010000E+05	1.79960000E+00	2.08080000E+03	3.58800000E+05	5.55670000E-01	
1.27060000E+01	-8.50000000E+01	3.80590000E+05	1.67700000E+00	2.07540000E+03	3.59290000E+05	5.96310000E-01	
1.36880000E+01	-8.40000000E+01	3.81180000E+05	1.56410000E+00	2.07000000E+03	3.59770000E+05	6.39350000E-01	
1.47310000E+01	-8.30000000E+01	3.81760000E+05	1.46010000E+00	2.06480000E+03	3.60250000E+05	6.84900000E-01	
1.58400000E+01	-8.20000000E+01	3.82340000E+05	1.36410000E+00	2.05960000E+03	3.60730000E+05	7.33060000E-01	
1.70170000E+01	-8.10000000E+01	3.82920000E+05	1.27560000E+00	2.05450000E+03	3.61210000E+05	7.83940000E-01	
1.82660000E+01	-8.00000000E+01	3.83500000E+05	1.19380000E+00	2.04950000E+03	3.61690000E+05	8.37670000E-01	
1.95890000E+01	-7.90000000E+01	3.84070000E+05	1.11810000E+00	2.04460000E+03	3.62170000E+05	8.94350000E-01	
2.09900000E+01	-7.80000000E+01	3.84650000E+05	1.04810000E+00	2.03980000E+03	3.62650000E+05	9.54100000E-01	
2.24730000E+01	-7.70000000E+01	3.85220000E+05	9.83230000E-01	2.03500000E+03	3.63130000E+05	1.01710000E+00	
2.40400000E+01	-7.60000000E+01	3.85800000E+05	9.23080000E-01	2.03040000E+03	3.63600000E+05	1.08330000E+00	
2.56970000E+01	-7.50000000E+01	3.86370000E+05	8.67260000E-01	2.02570000E+03	3.64080000E+05	1.15310000E+00	
2.74460000E+01	-7.40000000E+01	3.86940000E+05	8.15420000E-01	2.02120000E+03	3.64560000E+05	1.22640000E+00	
2.92910000E+01	-7.30000000E+01	3.87500000E+05	7.67240000E-01	2.01670000E+03	3.65030000E+05	1.30340000E+00	
3.12360000E+01	-7.20000000E+01	3.88070000E+05	7.22410000E-01	2.01240000E+03	3.65500000E+05	1.38430000E+00	
3.32860000E+01	-7.10000000E+01	3.88630000E+05	6.80680000E-01	2.00800000E+03	3.65980000E+05	1.46910000E+00	
3.54440000E+01	-7.00000000E+01	3.89200000E+05	6.41800000E-01	2.00380000E+03	3.66450000E+05	1.55810000E+00	
3.77150000E+01	-6.90000000E+01	3.89760000E+05	6.05540000E-01	1.99960000E+03	3.66920000E+05	1.65140000E+00	
4.01030000E+01	-6.80000000E+01	3.90320000E+05	5.71710000E-01	1.99540000E+03	3.67390000E+05	1.74910000E+00	
4.26120000E+01	-6.70000000E+01	3.90870000E+05	5.40130000E-01	1.99140000E+03	3.67860000E+05	1.85140000E+00	
4.52470000E+01	-6.60000000E+01	3.91430000E+05	5.10610000E-01	1.98740000E+03	3.68330000E+05	1.95850000E+00	
4.80120000E+01	-6.50000000E+01	3.91980000E+05	4.83000000E-01	1.98340000E+03	3.68790000E+05	2.07040000E+00	
5.09120000E+01	-6.40000000E+01	3.92530000E+05	4.57170000E-01	1.97950000E+03	3.69260000E+05	2.18740000E+00	
5.39530000E+01	-6.30000000E+01	3.93080000E+05	4.32980000E-01	1.97570000E+03	3.69720000E+05	2.30960000E+00	
5.71380000E+01	-6.20000000E+01	3.93630000E+05	4.10310000E-01	1.97190000E+03	3.70190000E+05	2.43720000E+00	
6.04730000E+01	-6.10000000E+01	3.94180000E+05	3.89060000E-01	1.96820000E+03	3.70650000E+05	2.57030000E+00	
6.39620000E+01	-6.00000000E+01	3.94720000E+05	3.69110000E-01	1.96450000E+03	3.71110000E+05	2.70920000E+00	
6.76120000E+01	-5.90000000E+01	3.95260000E+05	3.50380000E-01	1.96090000E+03	3.71570000E+05	2.85400000E+00	
7.14270000E+01	-5.80000000E+01	3.95800000E+05	3.32790000E-01	1.95740000E+03	3.72030000E+05	3.00490000E+00	
7.54120000E+01	-5.70000000E+01	3.96330000E+05	3.16250000E-01	1.95380000E+03	3.72480000E+05	3.16210000E+00	
7.95730000E+01	-5.60000000E+01	3.96870000E+05	3.00690000E-01	1.95040000E+03	3.72940000E+05	3.32570000E+00	
8.39160000E+01	-5.50000000E+01	3.97400000E+05	2.86050000E-01	1.94700000E+03	3.73390000E+05	3.49590000E+00	
8.84460000E+01	-5.40000000E+01	3.97930000E+05	2.72250000E-01	1.94360000E+03	3.73850000E+05	3.67300000E+00	
9.31690000E+01	-5.30000000E+01	3.98450000E+05	2.59260000E-01	1.94030000E+03	3.74300000E+05	3.85720000E+00	
9.80900000E+01	-5.20000000E+01	3.98980000E+05	2.47000000E-01	1.93700000E+03	3.74750000E+05	4.04860000E+00	
1.03220000E+02	-5.10000000E+01	3.99500000E+05	2.35440000E-01	1.93380000E+03	3.75200000E+05	4.24740000E+00	
1.08550000E+02	-5.00000000E+01	4.00020000E+05	2.24520000E-01	1.93060000E+03	3.75640000E+05	4.45390000E+00	
1.14100000E+02	-4.90000000E+01	4.00530000E+05	2.14210000E-01	1.92750000E+03	3.76090000E+05	4.66830000E+00	
1.19880000E+02	-4.80000000E+01	4.01040000E+05	2.04470000E-01	1.92440000E+03	3.76530000E+05	4.89080000E+00	
1.25880000E+02	-4.70000000E+01	4.01550000E+05	1.95260000E-01	1.92130000E+03	3.76980000E+05	5.12150000E+00	
1.32120000E+02	-4.60000000E+01	4.02060000E+05	1.86540000E-01	1.91830000E+03	3.77420000E+05	5.36080000E+00	
1.38600000E+02	-4.50000000E+01	4.02570000E+05	1.78290000E-01	1.91530000E+03	3.77850000E+05	5.60880000E+00	
1.45330000E+02	-4.40000000E+01	4.03070000E+05	1.70480000E-01	1.91240000E+03	3.78290000E+05	5.86580000E+00	
1.52310000E+02	-4.30000000E+01	4.03570000E+05	1.63080000E-01	1.90950000E+03	3.78730000E+05	6.13200000E+00	
1.59560000E+02	-4.20000000E+01	4.04060000E+05	1.56060000E-01	1.90660000E+03	3.79160000E+05	6.40770000E+00	
1.67070000E+02	-4.10000000E+01	4.04550000E+05	1.49410000E-01	1.90380000E+03	3.79590000E+05	6.69310000E+00	
1.74850000E+02	-4.00000000E+01	4.05040000E+05	1.43090000E-01	1.90100000E+03	3.80020000E+05	6.98850000E+00	
1.82920000E+02	-3.90000000E+01	4.05530000E+05	1.37100000E-01	1.89830000E+03	3.80450000E+05	7.29400000E+00	
1.91270000E+02	-3.80000000E+01	4.06010000E+05	1.31410000E-01	1.89560000E+03	3.80880000E+05	7.61000000E+00	
1.99930000E+02	-3.70000000E+01	4.06490000E+05	1.26000000E-01	1.89290000E+03	3.81300000E+05	7.93680000E+00	
2.08880000E+02	-3.60000000E+01	4.06970000E+05	1.20850000E-01	1.89020000E+03	3.81720000E+05	8.27450000E+00	
2.18140000E+02	-3.50000000E+01	4.07440000E+05	1.15960000E-01	1.88760000E+03	3.82150000E+05	8.62360000E+00	
2.27720000E+02	-3.40000000E+01	4.07910000E+05	1.11310000E-01	1.88500000E+03	3.82560000E+05	8.98410000E+00	
2.37620000E+02	-3.30000000E+01	4.08380000E+05	1.06880000E-01	1.88240000E+03	3.82980000E+05	9.35650000E+00	
2.47860000E+02	-3.20000000E+01	4.08840000E+05	1.02660000E-01	1.87990000E+03	3.83390000E+05	9.74110000E+00	
2.58430000E+02	-3.10000000E+01	4.09300000E+05	9.86390000E-02	1.87740000E+03	3.83810000E+05	1.01380000E+01	
2.69350000E+02	-3.00000000E+01	4.09750000E+05	9.48080000E-02	1.87490000E+03	3.84220000E+05	1.05480000E+01	
2.80620000E+02	-2.90000000E+01	4.10200000E+05	9.11550000E-02	1.87250000E+03	3.84620000E+05	1.09700000E+01	
2.92260000E+02	-2.80000000E+01	4.10650000E+05	8.76700000E-02	1.87010000E+03	3.85030000E+05	1.14060000E+01	
3.04260000E+02	-2.70000000E+01	4.11100000E+05	8.43440000E-02	1.86770000E+03	3.85430000E+05	1.18560000E+01	
3.16640000E+02	-2.60000000E+01	4.11530000E+05	8.11700000E-02	1.86530000E+03	3.85830000E+05	1.23200000E+01	
3.29410000E+02	-2.50000000E+01	4.11970000E+05	7.81380000E-02	1.86290000E+03	3.86230000E+05	1.27980000E+01	
3.42570000E+02	-2.40000000E+01	4.12400000E+05	7.52410000E-02	1.86060000E+03	3.86630000E+05	1.32910000E+01	
3.56130000E+02	-2.30000000E+01	4.12830000E+05	7.24720000E-02	1.85830000E+03	3.87020000E+05	1.37980000E+01	
3.70100000E+02	-2.20000000E+01	4.13250000E+05	6.98250000E-02	1.85600000E+03	3.87410000E+05	1.43220000E+01	
3.84480000E+02	-2.10000000E+01	4.13670000E+05	6.72930000E-02	1.85380000E+03	3.87800000E+05	1.48600000E+01	
3.99300000E+02	-2.00000000E+01	4.14090000E+05	6.48700000E-02	1.85160000E+03	3.88180000E+05	1.54150000E+01	
4.14540000E+02	-1.90000000E+01	4.14500000E+05	6.25510000E-02	1.84930000E+03	3.88570000E+05	1.59870000E+01	
4.30230000E+02	-1.80000000E+01	4.14900000E+05	6.03300000E-02	1.84710000E+03	3.88940000E+05	1.65750000E+01	
4.46370000E+02	-1.70000000E+01	4.15300000E+05	5.82030000E-02	1.84500000E+03	3.89320000E+05	1.71810000E+01	
4.62960000E+02	-1.60000000E+01	4.15700000E+05	5.61650000E-02	1.84280000E+03	3.89690000E+05	1.78050000E+01	
4.80030000E+02	-1.50000000E+01	4.16090000E+05	5.42120000E-02	1.84070000E+03	3.90070000E+05	1.84460000E+01	
4.97560000E+02	-1.40000000E+01	4.16470000E+05	5.23380000E-02	1.83860000E+03	3.90430000E+05	1.91060000E+01	
5.15590000E+02	-1.30000000E+01	4.16860000E+05	5.05420000E-02	1.83650000E+03	3.90800000E+05	1.97860000E+01	
5.34110000E+02	-1.20000000E+01	4.17230000E+05	4.88180000E-02	1.83440000E+03	3.91160000E+05	2.04840000E+01	
5.53120000E+02	-1.10000000E+01	4.17600000E+05	4.71630000E-02	1.83230000E+03	3.91520000E+05	2.12030000E+01	
5.72650000E+02	-1.00000000E+01	4.17970000E+05	4.55740000E-02	1.83030000E+03	3.91870000E+05	2.19420000E+01	
5.92700000E+02	-9.00000000E+00	4.18330000E+05	4.40480000E-02	1.82820000E+03	3.92220000E+05	2.27020000E+01	
6.13280000E+02	-8.00000000E+00	4.18680000E+05	4.25820000E-02	1.82620000E+03	3.92570000E+05	2.34840000E+01	
6.34400000E+02	-7.00000000E+00	4.19030000E+05	4.11730000E-02	1.82420000E+03	3.92910000E+05	2.42880000E+01	
6.56060000E+02	-6.00000000E+00	4.19380000E+05	3.98190000E-02	1.82220000E+03	3.93250000E+05	2.51140000E+01	
6.78280000E+02	-5.00000000E+00	4.19710000E+05	3.85170000E-02	1.82020000E+03	3.93590000E+05	2.59630000E+01	
7.01070000E+02	-4.00000000E+00	4.20040000E+05	3.72640000E-02	1.81820000E+03	3.93920000E+05	2.68360000E+01	
7.24430000E+02	-3.00000000E+00	4.20370000E+05	3.60580000E-02	1.81620000E+03	3.94250000E+05	2.77330000E+01	
7.48370000E+02	-2.00000000E+00	4.20690000E+05	3.48980000E-02	1.81430000E+03	3.94570000E+05	2.86550000E+01	
7.72910000E+02	-1.00000000E+00	4.21000000E+05	3.37810000E-02	1.81230000E+03	3.94890000E+05	2.96030000E+01	
7.98050000E+02	0.00000000E+00	4.21310000E+05	3.27050000E-02	1.81040000E+03	3.95210000E+05	3.05760000E+01	
8.23810000E+02	1.00000000E+00	4.21600000E+05	3.16690000E-02	1.80840000E+03	3.95520000E+05	3.15770000E+01	
8.50190000E+02	2.00000000E+00	4.21900000E+05	3.06700000E-02	1.80650000E+03	3.95820000E+05	3.26050000E+01	
8.77200000E+02	3.00000000E+00	4.22180000E+05	2.97070000E-02	1.80460000E+03	3.96120000E+05	3.36620000E+01	
9.04850000E+02	4.00000000E+00	4.22460000E+05	2.87790000E-02	1.80270000E+03	3.96420000E+05	3.47470000E+01	
9.33150000E+02	5.00000000E+00	4.22730000E+05	2.78840000E-02	1.80070000E+03	3.96710000E+05	3.58630000E+01	
9.62120000E+02	6.00000000E+00	4.22990000E+05	2.70200000E-02	1.79880000E+03	3.96990000E+05	3.70090000E+01	
9.91760000E+02	7.00000000E+00	4.23250000E+05	2.61870000E-02	1.79690000E+03	3.97270000E+05	3.81870000E+01	
1.02210000E+03	8.00000000E+00	4.23490000E+05	2.53830000E-02	1.79500000E+03	3.97550000E+05	3.93970000E+01	
1.05310000E+03	9.00000000E+00	4.23730000E+05	2.46060000E-02	1.79310000E+03	3.97820000E+05	4.06400000E+01	
1.08480000E+03	1.00000000E+01	4.23960000E+05	2.38560000E-02	1.79120000E+03	3.98080000E+05	4.19170000E+01	
1.11720000E+03	1.10000000E+01	4.24180000E+05	2.31320000E-02	1.78930000E+03	3.98340000E+05	4.32300000E+01	
1.15040000E+03	1.20000000E+01	4.24390000E+05	2.24320000E-02	1.78740000E+03	3.98590000E+05	4.45790000E+01	
1.18430000E+03	1.30000000E+01	4.24600000E+05	2.17550000E-02	1.78550000E+03	3.98830000E+05	4.59660000E+01	
1.21890000E+03	1.40000000E+01	4.24790000E+05	2.11010000E-02	1.78360000E+03	3.99070000E+05	4.73900000E+01	
1.25430000E+03	1.50000000E+01	4.24970000E+05	2.04690000E-02	1.78160000E+03	3.99300000E+05	4.88550000E+01	
1.29050000E+03	1.60000000E+01	4.25140000E+05	1.98570000E-02	1.77970000E+03	3.99520000E+05	5.03600000E+01	
1.32740000E+03	1.70000000E+01	4.25310000E+05	1.92650000E-02	1.77780000E+03	3.99730000E+05	5.19070000E+01	
1.36510000E+03	1.80000000E+01	4.25460000E+05	1.86920000E-02	1.77580000E+03	3.99940000E+05	5.34970000E+01	
1.40360000E+03	1.90000000E+01	4.25600000E+05	1.81380000E-02	1.77390000E+03	4.00140000E+05	5.51330000E+01	
1.44300000E+03	2.00000000E+01	4.25730000E+05	1.76010000E-02	1.77190000E+03	4.00330000E+05	5.68140000E+01	
1.48310000E+03	2.10000000E+01	4.25850000E+05	1.70810000E-02	1.77000000E+03	4.00510000E+05	5.85440000E+01	
1.52410000E+03	2.20000000E+01	4.25950000E+05	1.65780000E-02	1.76800000E+03	4.00690000E+05	6.03230000E+01	
1.56600000E+03	2.30000000E+01	4.26040000E+05	1.60900000E-02	1.76600000E+03	4.00850000E+05	6.21520000E+01	
1.60870000E+03	2.40000000E+01	4.26120000E+05	1.56160000E-02	1.76400000E+03	4.01000000E+05	6.40350000E+01	
1.65220000E+03	2.50000000E+01	4.26190000E+05	1.51580000E-02	1.76190000E+03	4.01150000E+05	6.59720000E+01	
1.69670000E+03	2.60000000E+01	4.26250000E+05	1.47130000E-02	1.75990000E+03	4.01280000E+05	6.79660000E+01	
1.74200000E+03	2.70000000E+01	4.26280000E+05	1.42820000E-02	1.75780000E+03	4.01410000E+05	7.00190000E+01	
1.78830000E+03	2.80000000E+01	4.26310000E+05	1.38630000E-02	1.75580000E+03	4.01520000E+05	7.21330000E+01	
1.83540000E+03	2.90000000E+01	4.26320000E+05	1.34570000E-02	1.75370000E+03	4.01620000E+05	7.43100000E+01	
1.88350000E+03	3.00000000E+01	4.26310000E+05	1.30630000E-02	1.75150000E+03	4.01710000E+05	7.65530000E+01	
1.93260000E+03	3.10000000E+01	4.26290000E+05	1.26800000E-02	1.74940000E+03	4.01790000E+05	7.88640000E+01	
1.98260000E+03	3.20000000E+01	4.26250000E+05	1.23080000E-02	1.74720000E+03	4.01850000E+05	8.12460000E+01	
2.03350000E+03	3.30000000E+01	4.26200000E+05	1.19470000E-02	1.74500000E+03	4.01900000E+05	8.37030000E+01	
2.08550000E+03	3.40000000E+01	4.26120000E+05	1.15960000E-02	1.74280000E+03	4.01940000E+05	8.62370000E+01	
2.13850000E+03	3.50000000E+01	4.26030000E+05	1.12550000E-02	1.74050000E+03	4.01960000E+05	8.88510000E+01	
2.19240000E+03	3.60000000E+01	4.25920000E+05	1.09230000E-02	1.73820000E+03	4.01970000E+05	9.15500000E+01	
2.24740000E+03	3.70000000E+01	4.25790000E+05	1.06000000E-02	1.73590000E+03	4.01960000E+05	9.43380000E+01	
2.30350000E+03	3.80000000E+01	4.25630000E+05	1.02860000E-02	1.73350000E+03	4.01940000E+05	9.72180000E+01	
2.36050000E+03	3.90000000E+01	4.25460000E+05	9.98050000E-03	1.73110000E+03	4.01900000E+05	1.00190000E+02	
2.41870000E+03	4.00000000E+01	4.25260000E+05	9.68300000E-03	1.72860000E+03	4.01840000E+05	1.03270000E+02	
2.47790000E+03	4.10000000E+01	4.25040000E+05	9.39310000E-03	1.72610000E+03	4.01760000E+05	1.06460000E+02	
2.53830000E+03	4.20000000E+01	4.24790000E+05	9.11080000E-03	1.72350000E+03	4.01660000E+05	1.09760000E+02	
2.59980000E+03	4.30000000E+01	4.24520000E+05	8.83550000E-03	1.72090000E+03	4.01550000E+05	1.13180000E+02	
2.66240000E+03	4.40000000E+01	4.24210000E+05	8.56720000E-03	1.71820000E+03	4.01400000E+05	1.16720000E+02	
2.72610000E+03	4.50000000E+01	4.23880000E+05	8.30530000E-03	1.71550000E+03	4.01240000E+05	1.20400000E+02	
2.79110000E+03	4.60000000E+01	4.23520000E+05	8.04980000E-03	1.71270000E+03	4.01050000E+05	1.24230000E+02	
2.85720000E+03	4.70000000E+01	4.23120000E+05	7.80030000E-03	1.70980000E+03	4.00840000E+05	1.28200000E+02	
2.92450000E+03	4.80000000E+01	4.22690000E+05	7.55660000E-03	1.70690000E+03	4.00590000E+05	1.32330000E+02	
2.99300000E+03	4.90000000E+01	4.22220000E+05	7.31840000E-03	1.70380000E+03	4.00320000E+05	1.36640000E+02	
3.06280000E+03	5.00000000E+01	4.21720000E+05	7.08530000E-03	1.70070000E+03	4.00020000E+05	1.41140000E+02	
3.13390000E+03	5.10000000E+01	4.21170000E+05	6.85730000E-03	1.69750000E+03	3.99680000E+05	1.45830000E+02	
3.20620000E+03	5.20000000E+01	4.20570000E+05	6.63390000E-03	1.69410000E+03	3.99300000E+05	1.50740000E+02	
3.27990000E+03	5.30000000E+01	4.19920000E+05	6.41490000E-03	1.69060000E+03	3.98880000E+05	1.55890000E+02	
3.35490000E+03	5.40000000E+01	4.19220000E+05	6.20010000E-03	1.68710000E+03	3.98420000E+05	1.61290000E+02	
3.43130000E+03	5.50000000E+01	4.18460000E+05	5.98910000E-03	1.68330000E+03	3.97910000E+05	1.66970000E+02	
3.50900000E+03	5.60000000E+01	4.17640000E+05	5.78160000E-03	1.67940000E+03	3.97350000E+05	1.72960000E+02	
3.58820000E+03	5.70000000E+01	4.16740000E+05	5.57740000E-03	1.67530000E+03	3.96730000E+05	1.79290000E+02	
3.66870000E+03	5.80000000E+01	4.15770000E+05	5.37610000E-03	1.67110000E+03	3.96040000E+05	1.86010000E+02	
3.75080000E+03	5.90000000E+01	4.14710000E+05	5.17730000E-03	1.66660000E+03	3.95290000E+05	1.93150000E+02	
3.83440000E+03	6.00000000E+01	4.13540000E+05	4.98050000E-03	1.66180000E+03	3.94450000E+05	2.00780000E+02	
3.87670000E+03	6.05000000E+01	4.12920000E+05	4.88270000E-03	1.65930000E+03	3.93990000E+05	2.04800000E+02	
3.91950000E+03	6.10000000E+01	4.12270000E+05	4.78530000E-03	1.65670000E+03	3.93510000E+05	2.08970000E+02	
3.96260000E+03	6.15000000E+01	4.11580000E+05	4.68810000E-03	1.65410000E+03	3.93010000E+05	2.13300000E+02	
4.00610000E+03	6.20000000E+01	4.10860000E+05	4.59110000E-03	1.65130000E+03	3.92470000E+05	2.17810000E+02	
4.05010000E+03	6.25000000E+01	4.10100000E+05	4.49420000E-03	1.64840000E+03	3.91900000E+05	2.22510000E+02	
4.09440000E+03	6.30000000E+01	4.09300000E+05	4.39720000E-03	1.64550000E+03	3.91300000E+05	2.27410000E+02	
4.13920000E+03	6.35000000E+01	4.08460000E+05	4.30020000E-03	1.64240000E+03	3.90660000E+05	2.32550000E+02	
4.18430000E+03	6.40000000E+01	4.07560000E+05	4.20280000E-03	1.63920000E+03	3.89980000E+05	2.37940000E+02	
4.22990000E+03	6.45000000E+01	4.06610000E+05	4.10500000E-03	1.63580000E+03	3.89250000E+05	2.43610000E+02	
4.27600000E+03	6.50000000E+01	4.05600000E+05	4.00660000E-03	1.63220000E+03	3.88470000E+05	2.49590000E+02	
4.32240000E+03	6.55000000E+01	4.04510000E+05	3.90730000E-03	1.62850000E+03	3.87630000E+05	2.55930000E+02	
4.36930000E+03	6.60000000E+01	4.03350000E+05	3.80690000E-03	1.62450000E+03	3.86720000E+05	2.62680000E+02	
4.41670000E+03	6.65000000E+01	4.02100000E+05	3.70520000E-03	1.62030000E+03	3.85730000E+05	2.69890000E+02	
4.46450000E+03	6.70000000E+01	4.00740000E+05	3.60150000E-03	1.61580000E+03	3.84660000E+05	2.77660000E+02	
4.51280000E+03	6.75000000E+01	3.99260000E+05	3.49550000E-03	1.61090000E+03	3.83480000E+05	2.86080000E+02	
4.56160000E+03	6.80000000E+01	3.97620000E+05	3.38630000E-03	1.60560000E+03	3.82170000E+05	2.95310000E+02	
4.61080000E+03	6.85000000E+01	3.95790000E+05	3.27290000E-03	1.59980000E+03	3.80700000E+05	3.05540000E+02	
4.63070000E+03	6.87000000E+01	3.95000000E+05	3.22610000E-03	1.59730000E+03	3.80060000E+05	3.09970000E+02	
4.65060000E+03	6.89000000E+01	3.94160000E+05	3.17830000E-03	1.59460000E+03	3.79380000E+05	3.14640000E+02	
4.67060000E+03	6.91000000E+01	3.93270000E+05	3.12920000E-03	1.59190000E+03	3.78660000E+05	3.19570000E+02	
4.69070000E+03	6.93000000E+01	3.92330000E+05	3.07880000E-03	1.58890000E+03	3.77890000E+05	3.24810000E+02	
4.71090000E+03	6.95000000E+01	3.91320000E+05	3.02670000E-03	1.58580000E+03	3.77060000E+05	3.30390000E+02	
4.73110000E+03	6.97000000E+01	3.90240000E+05	2.97260000E-03	1.58250000E+03	3.76170000E+05	3.36400000E+02	
4.75150000E+03	6.99000000E+01	3.89060000E+05	2.91620000E-03	1.57890000E+03	3.75200000E+05	3.42910000E+02	
4.77190000E+03	7.01000000E+01	3.87770000E+05	2.85690000E-03	1.57490000E+03	3.74140000E+05	3.50040000E+02	
4.79240000E+03	7.03000000E+01	3.86340000E+05	2.79370000E-03	1.57060000E+03	3.72950000E+05	3.57950000E+02	
4.81300000E+03	7.05000000E+01	3.84720000E+05	2.72550000E-03	1.56570000E+03	3.71610000E+05	3.66900000E+02	
4.83370000E+03	7.07000000E+01	3.82850000E+05	2.65030000E-03	1.56010000E+03	3.70040000E+05	3.77320000E+02	
4.85450000E+03	7.09000000E+01	3.80580000E+05	2.56420000E-03	1.55340000E+03	3.68130000E+05	3.89980000E+02	
4.87530000E+03	7.11000000E+01	3.77600000E+05	2.45840000E-03	1.54450000E+03	3.65620000E+05	4.06770000E+02	
4.87740000E+03	7.11200000E+01	3.77240000E+05	2.44590000E-03	1.54350000E+03	3.65310000E+05	4.08840000E+02	
4.87950000E+03	7.11400000E+01	3.76850000E+05	2.43290000E-03	1.54230000E+03	3.64980000E+05	4.11020000E+02	
4.88160000E+03	7.11600000E+01	3.76450000E+05	2.41940000E-03	1.54110000E+03	3.64640000E+05	4.13330000E+02	
4.88370000E+03	7.11800000E+01	3.76020000E+05	2.40510000E-03	1.53990000E+03	3.64270000E+05	4.15790000E+02	
4.88580000E+03	7.12000000E+01	3.75560000E+05	2.38990000E-03	1.53850000E+03	3.63880000E+05	4.18420000E+02	
4.88790000E+03	7.12200000E+01	3.75060000E+05	2.37380000E-03	1.53710000E+03	3.63460000E+05	4.21270000E+02	
4.89000000E+03	7.12400000E+01	3.74520000E+05	2.35630000E-03	1.53550000E+03	3.62990000E+05	4.24390000E+02	
4.89210000E+03	7.12600000E+01	3.73910000E+05	2.33720000E-03	1.53370000E+03	3.62480000E+05	4.27860000E+02	
4.89420000E+03	7.12800000E+01	3.73230000E+05	2.31570000E-03	1.53170000E+03	3.61890000E+05	4.31840000E+02	
4.89640000E+03	7.13000000E+01	3.72410000E+05	2.29050000E-03	1.52930000E+03	3.61200000E+05	4.36580000E+02	
4.89850000E+03	7.13200000E+01	3.71370000E+05	2.25900000E-03	1.52630000E+03	3.60300000E+05	4.42680000E+02	
4.90080000E+03	7.13400000E+01	3.68810000E+05	2.18430000E-03	1.51880000E+03	3.58110000E+05	4.57810000E+02	
4.90090000E+03	7.13410000E+01	3.68740000E+05	2.18220000E-03	1.51860000E+03	3.58040000E+05	4.58260000E+02	
4.90100000E+03	7.13420000E+01	3.69050000E+05	2.19100000E-03	1.51950000E+03	3.58310000E+05	4.56410000E+02