
1	442287.364225	840.754921	2570.358356
4	1	35.270000	27.222222	0.516374	0.000000	0.000000	0.000000	1.0	1.0
4	1	35.270000	28.333333	0.527022	0.000000	0.000000	0.000000	1.0	1.0
4	1	35.270000	29.444444	0.537067	0.000000	0.000000	0.000000	1.0	1.0
4	1	35.270000	30.555556	0.546570	0.000000	0.000000	0.000000	1.0	1.0
4	1	35.270000	31.666667	0.555579	0.000000	0.000000	0.000000	1.0	1.0
1	442287.364225	840.754921	2570.358356
4	1	35.270000	26.111111	0.505079	0.000000	0.000000	0.000000	1.0	1.0
4	1	35.270000	25.000000	0.493094	0.000000	0.000000	0.000000	1.0	1.0
4	1	35.270000	23.888889	0.480370	0.000000	0.000000	0.000000	1.0	1.0
4	1	35.270000	22.777778	0.466819	0.000000	0.000000	0.000000	1.0	1.0
4	1	35.270000	21.666667	0.452384	0.000000	0.000000	0.000000	1.0	1.0
4	1	35.270000	20.555556	0.437009	0.000000	0.000000	0.000000	1.0	1.0
4	1	35.270000	19.444444	0.420594	0.000000	0.000000	0.000000	1.0	1.0
4	1	35.270000	18.333333	0.403015	0.000000	0.000000	0.000000	1.0	1.0
