
1	442287.364225	840.754921	2570.358356
4	1	35.270000	26.800000	0.364000	0.000000	0.000000	0.000000	1.0	1.0
4	1	35.270000	26.800000	0.364000	0.000000	0.000000	0.000000	1.0	1.0
4	1	35.270000	26.800000	0.364000	0.000000	0.000000	0.000000	1.0	1.0
4	1	35.270000	26.800000	0.364000	0.000000	0.000000	0.000000	1.0	1.0
4	1	35.270000	26.800000	0.364000	0.000000	0.000000	0.000000	1.0	1.0
4	1	35.270000	26.800000	0.364000	0.000000	0.000000	0.000000	1.0	1.0
1	442287.364225	840.754921	2570.358356
4	1	35.270000	26.800000	0.364000	0.000000	0.000000	0.000000	1.0	1.0
4	1	35.270000	26.800000	0.364000	0.000000	0.000000	0.000000	1.0	1.0
4	1	35.270000	26.800000	0.364000	0.000000	0.000000	0.000000	1.0	1.0
4	1	35.270000	26.800000	0.364000	0.000000	0.000000	0.000000	1.0	1.0
4	1	35.270000	26.800000	0.364000	0.000000	0.000000	0.000000	1.0	1.0
4	1	35.270000	26.800000	0.364000	0.000000	0.000000	0.000000	1.0	1.0
4	1	35.270000	26.800000	0.364000	0.000000	0.000000	0.000000	1.0	1.0
4	1	35.270000	26.800000	0.364000	0.000000	0.000000	0.000000	1.0	1.0
4	1	35.270000	26.800000	0.364000	0.000000	0.000000	0.000000	1.0	1.0
