1	414030.138888	605.500000	1874.000000
4	1	32.380000	21.111111	0.560357	4.780000	3.660000	1.323721	1.0	1.0
4	1	32.380000	23.888889	0.588226	4.780000	3.660000	1.323721	1.0	1.0
4	1	32.380000	26.666667	0.612139	4.780000	3.660000	1.323721	1.0	1.0
4	1	32.380000	29.444444	0.632802	4.780000	3.660000	1.323721	1.0	1.0
4	1	32.380000	21.111111	0.560357	4.780000	3.660000	1.323721	1.0	1.0
4	1	32.380000	18.333333	0.527654	4.780000	3.660000	1.323721	1.0	1.0
4	1	32.380000	15.555556	0.489000	4.780000	3.660000	1.323721	1.0	1.0
4	1	32.380000	12.777778	0.442902	4.780000	3.660000	1.323721	1.0	1.0
4	1	35.157778	21.111111	0.560357	4.780000	3.660000	1.323721	1.0	1.0
4	1	35.157778	23.888889	0.588226	4.780000	3.660000	1.323721	1.0	1.0
4	1	35.157778	26.666667	0.612139	4.780000	3.660000	1.323721	1.0	1.0
4	1	35.157778	29.444444	0.632802	4.780000	3.660000	1.323721	1.0	1.0
4	1	35.157778	21.111111	0.560357	4.780000	3.660000	1.323721	1.0	1.0
4	1	35.157778	18.333333	0.527654	4.780000	3.660000	1.323721	1.0	1.0
4	1	35.157778	15.555556	0.489000	4.780000	3.660000	1.323721	1.0	1.0
4	1	35.157778	12.777778	0.442902	4.780000	3.660000	1.323721	1.0	1.0
4	1	37.935556	21.111111	0.560357	4.780000	3.660000	1.323721	1.0	1.0
4	1	37.935556	23.888889	0.588226	4.780000	3.660000	1.323721	1.0	1.0
4	1	37.935556	26.666667	0.612139	4.780000	3.660000	1.323721	1.0	1.0
4	1	37.935556	29.444444	0.632802	4.780000	3.660000	1.323721	1.0	1.0
4	1	37.935556	21.111111	0.560357	4.780000	3.660000	1.323721	1.0	1.0
4	1	37.935556	18.333333	0.527654	4.780000	3.660000	1.323721	1.0	1.0
4	1	37.935556	15.555556	0.489000	4.780000	3.660000	1.323721	1.0	1.0
4	1	37.935556	12.777778	0.442902	4.780000	3.660000	1.323721	1.0	1.0
4	1	40.713333	21.111111	0.560357	4.780000	3.660000	1.323721	1.0	1.0
4	1	40.713333	23.888889	0.588226	4.780000	3.660000	1.323721	1.0	1.0
4	1	40.713333	26.666667	0.612139	4.780000	3.660000	1.323721	1.0	1.0
4	1	40.713333	29.444444	0.632802	4.780000	3.660000	1.323721	1.0	1.0
4	1	40.713333	21.111111	0.560357	4.780000	3.660000	1.323721	1.0	1.0
4	1	40.713333	18.333333	0.527654	4.780000	3.660000	1.323721	1.0	1.0
4	1	40.713333	15.555556	0.489000	4.780000	3.660000	1.323721	1.0	1.0
4	1	40.713333	12.777778	0.442902	4.780000	3.660000	1.323721	1.0	1.0
4	1	43.491111	21.111111	0.560357	4.780000	3.660000	1.323721	1.0	1.0
4	1	43.491111	23.888889	0.588226	4.780000	3.660000	1.323721	1.0	1.0
4	1	43.491111	26.666667	0.612139	4.780000	3.660000	1.323721	1.0	1.0
4	1	43.491111	29.444444	0.632802	4.780000	3.660000	1.323721	1.0	1.0
4	1	43.491111	21.111111	0.560357	4.780000	3.660000	1.323721	1.0	1.0
4	1	43.491111	18.333333	0.527654	4.780000	3.660000	1.323721	1.0	1.0
4	1	43.491111	15.555556	0.489000	4.780000	3.660000	1.323721	1.0	1.0
4	1	43.491111	12.777778	0.442902	4.780000	3.660000	1.323721	1.0	1.0
4	1	46.268889	21.111111	0.560357	4.780000	3.660000	1.323721	1.0	1.0
4	1	46.268889	23.888889	0.588226	4.780000	3.660000	1.323721	1.0	1.0
4	1	46.268889	26.666667	0.612139	4.780000	3.660000	1.323721	1.0	1.0
4	1	46.268889	29.444444	0.632802	4.780000	3.660000	1.323721	1.0	1.0
4	1	46.268889	21.111111	0.560357	4.780000	3.660000	1.323721	1.0	1.0
4	1	46.268889	18.333333	0.527654	4.780000	3.660000	1.323721	1.0	1.0
4	1	46.268889	15.555556	0.489000	4.780000	3.660000	1.323721	1.0	1.0
4	1	46.268889	12.777778	0.442902	4.780000	3.660000	1.323721	1.0	1.0
4	1	49.046667	21.111111	0.560357	4.780000	3.660000	1.323721	1.0	1.0
4	1	49.046667	23.888889	0.588226	4.780000	3.660000	1.323721	1.0	1.0
4	1	49.046667	26.666667	0.612139	4.780000	3.660000	1.323721	1.0	1.0
4	1	49.046667	29.444444	0.632802	4.780000	3.660000	1.323721	1.0	1.0
4	1	49.046667	21.111111	0.560357	4.780000	3.660000	1.323721	1.0	1.0
4	1	49.046667	18.333333	0.527654	4.780000	3.660000	1.323721	1.0	1.0
4	1	49.046667	15.555556	0.489000	4.780000	3.660000	1.323721	1.0	1.0
4	1	49.046667	12.777778	0.442902	4.780000	3.660000	1.323721	1.0	1.0
1	414030.138888	605.500000	1874.000000
4	1	29.602222	21.111111	0.560357	4.780000	3.660000	1.323721	1.0	1.0
4	1	29.602222	23.888889	0.588226	4.780000	3.660000	1.323721	1.0	1.0
4	1	29.602222	26.666667	0.612139	4.780000	3.660000	1.323721	1.0	1.0
4	1	29.602222	29.444444	0.632802	4.780000	3.660000	1.323721	1.0	1.0
4	1	29.602222	21.111111	0.560357	4.780000	3.660000	1.323721	1.0	1.0
4	1	29.602222	18.333333	0.527654	4.780000	3.660000	1.323721	1.0	1.0
4	1	29.602222	15.555556	0.489000	4.780000	3.660000	1.323721	1.0	1.0
4	1	29.602222	12.777778	0.442902	4.780000	3.660000	1.323721	1.0	1.0
4	1	26.824444	21.111111	0.560357	4.780000	3.660000	1.323721	1.0	1.0
4	1	26.824444	23.888889	0.588226	4.780000	3.660000	1.323721	1.0	1.0
4	1	26.824444	26.666667	0.612139	4.780000	3.660000	1.323721	1.0	1.0
4	1	26.824444	29.444444	0.632802	4.780000	3.660000	1.323721	1.0	1.0
4	1	26.824444	21.111111	0.560357	4.780000	3.660000	1.323721	1.0	1.0
4	1	26.824444	18.333333	0.527654	4.780000	3.660000	1.323721	1.0	1.0
4	1	26.824444	15.555556	0.489000	4.780000	3.660000	1.323721	1.0	1.0
4	1	26.824444	12.777778	0.442902	4.780000	3.660000	1.323721	1.0	1.0
4	1	24.046667	21.111111	0.560357	4.780000	3.660000	1.323721	1.0	1.0
4	1	24.046667	23.888889	0.588226	4.780000	3.660000	1.323721	1.0	1.0
4	1	24.046667	26.666667	0.612139	4.780000	3.660000	1.323721	1.0	1.0
4	1	24.046667	29.444444	0.632802	4.780000	3.660000	1.323721	1.0	1.0
4	1	24.046667	21.111111	0.560357	4.780000	3.660000	1.323721	1.0	1.0
4	1	24.046667	18.333333	0.527654	4.780000	3.660000	1.323721	1.0	1.0
4	1	24.046667	15.555556	0.489000	4.780000	3.660000	1.323721	1.0	1.0
4	1	24.046667	12.777778	0.442902	4.780000	3.660000	1.323721	1.0	1.0
4	1	21.268889	21.111111	0.560357	4.780000	3.660000	1.323721	1.0	1.0
4	1	21.268889	23.888889	0.588226	4.780000	3.660000	1.323721	1.0	1.0
4	1	21.268889	26.666667	0.612139	4.780000	3.660000	1.323721	1.0	1.0
4	1	21.268889	29.444444	0.632802	4.780000	3.660000	1.323721	1.0	1.0
4	1	21.268889	21.111111	0.560357	4.780000	3.660000	1.323721	1.0	1.0
4	1	21.268889	18.333333	0.527654	4.780000	3.660000	1.323721	1.0	1.0
4	1	21.268889	15.555556	0.489000	4.780000	3.660000	1.323721	1.0	1.0
4	1	21.268889	12.777778	0.442902	4.780000	3.660000	1.323721	1.0	1.0
4	1	18.491111	21.111111	0.560357	4.780000	3.660000	1.323721	1.0	1.0
4	1	18.491111	23.888889	0.588226	4.780000	3.660000	1.323721	1.0	1.0
4	1	18.491111	26.666667	0.612139	4.780000	3.660000	1.323721	1.0	1.0
4	1	18.491111	29.444444	0.632802	4.780000	3.660000	1.323721	1.0	1.0
4	1	18.491111	21.111111	0.560357	4.780000	3.660000	1.323721	1.0	1.0
4	1	18.491111	18.333333	0.527654	4.780000	3.660000	1.323721	1.0	1.0
4	1	18.491111	15.555556	0.489000	4.780000	3.660000	1.323721	1.0	1.0
4	1	18.491111	12.777778	0.442902	4.780000	3.660000	1.323721	1.0	1.0
4	1	15.713333	21.111111	0.560357	4.780000	3.660000	1.323721	1.0	1.0
4	1	15.713333	23.888889	0.588226	4.780000	3.660000	1.323721	1.0	1.0
4	1	15.713333	26.666667	0.612139	4.780000	3.660000	1.323721	1.0	1.0
4	1	15.713333	29.444444	0.632802	4.780000	3.660000	1.323721	1.0	1.0
4	1	15.713333	21.111111	0.560357	4.780000	3.660000	1.323721	1.0	1.0
4	1	15.713333	18.333333	0.527654	4.780000	3.660000	1.323721	1.0	1.0
4	1	15.713333	15.555556	0.489000	4.780000	3.660000	1.323721	1.0	1.0
4	1	15.713333	12.777778	0.442902	4.780000	3.660000	1.323721	1.0	1.0
4	1	12.935556	21.111111	0.560357	4.780000	3.660000	1.323721	1.0	1.0
4	1	12.935556	23.888889	0.588226	4.780000	3.660000	1.323721	1.0	1.0
4	1	12.935556	26.666667	0.612139	4.780000	3.660000	1.323721	1.0	1.0
4	1	12.935556	29.444444	0.632802	4.780000	3.660000	1.323721	1.0	1.0
4	1	12.935556	21.111111	0.560357	4.780000	3.660000	1.323721	1.0	1.0
4	1	12.935556	18.333333	0.527654	4.780000	3.660000	1.323721	1.0	1.0
4	1	12.935556	15.555556	0.489000	4.780000	3.660000	1.323721	1.0	1.0
4	1	12.935556	12.777778	0.442902	4.780000	3.660000	1.323721	1.0	1.0
4	1	10.157778	21.111111	0.560357	4.780000	3.660000	1.323721	1.0	1.0
4	1	10.157778	23.888889	0.588226	4.780000	3.660000	1.323721	1.0	1.0
4	1	10.157778	26.666667	0.612139	4.780000	3.660000	1.323721	1.0	1.0
4	1	10.157778	29.444444	0.632802	4.780000	3.660000	1.323721	1.0	1.0
4	1	10.157778	21.111111	0.560357	4.780000	3.660000	1.323721	1.0	1.0
4	1	10.157778	18.333333	0.527654	4.780000	3.660000	1.323721	1.0	1.0
4	1	10.157778	15.555556	0.489000	4.780000	3.660000	1.323721	1.0	1.0
4	1	10.157778	12.777778	0.442902	4.780000	3.660000	1.323721	1.0	1.0
