Indoor struct information
2				//node number
5				//branch number
3				//row number
84				//tube number
10				//segment number of per tube
0.3215			//frontal area [m^2]
0.6669			//air flow rate [m^3/s]
the followings are node information
0	1	5	-1	0	1	2	3	4
1	5	1	0	1	2	3	4	-1
the following are branch information
0	-1	1	16	0	1	2	3	4	5	6	7	8	9	10	11	12	13	14	15
1	-1	1	16	16	17	18	19	20	21	22	23	24	25	26	27	28	29	30	31
2	-1	1	18	32	33	34	35	36	37	38	39	40	41	42	43	44	45	46	47	48	49
3	-1	1	16	50	51	52	53	54	55	56	57	58	59	60	61	62	63	64	65
4	-1	1	18	66	67	68	69	70	71	72	73	74	75	76	77	78	79	80	81	82	83
the following are tube information
#No	#Row	#Ref	#up	#down	#GaF	#Even
0	2	-1	6	7	1	0	
1	2	0	5	6	1	1
2	2	1	4	5	1	0
3	2	2	-1	4	1	1
4	1	3	15	14	1	0
5	1	4	14	13	1	1
6	1	5	13	12	1	0
7	1	6	12	11	1	1
8	1	7	11	10	1	0
9	1	8	10	26	1	1
10	0	9	-1	-1	1	0
11	0	10	-1	-1	1	1
12	0	11	-1	-1	1	0
13	0	12	-1	-1	1	1
14	0	13	-1	-1	1	0
15	0	14	-1	-1	1	1
16	2	-1	7	8	1	0
17	2	16	8	9	1	1
18	2	17	9	25	1	0
19	2	18	25	24	1	1
20	2	19	24	23	1	0
21	2	20	23	22	1	1
22	1	21	29	30	1	0
23	1	22	28	29	1	1
24	1	23	27	28	1	0
25	1	24	26	27	1	1
26	0	25	-1	-1	1	0
27	0	26	-1	-1	1	1
28	0	27	-1	-1	1	0
29	0	28	-1	-1	1	1
30	0	29	-1	-1	1	0
31	0	30	-1	-1	1	1
32	2	-1	22	34	1	0
33	2	32	34	35	1	1
34	1	33	30	31	1	0
35	1	34	31	46	1	1
36	2	35	35	45	1	0
37	2	36	45	44	1	1
38	2	37	44	43	1	0
39	2	38	43	42	1	1
40	2	39	42	59	1	0
41	2	40	59	58	1	1
42	1	41	49	60	1	0
43	1	42	48	49	1	1
44	1	43	47	48	1	0
45	1	44	46	47	1	1
46	0	45	-1	-1	1	0
47	0	46	-1	-1	1	1
48	0	47	-1	-1	1	0
49	0	48	-1	-1	1	1
50	2	-1	58	57	1	0
51	2	50	57	56	1	1
52	2	51	56	55	1	0
53	2	52	55	54	1	1
54	1	53	65	78	1	0
55	1	54	64	65	1	1
56	1	55	63	64	1	0
57	1	56	62	63	1	1
58	1	57	61	62	1	0
59	1	58	60	61	1	1
60	0	59	-1	-1	1	0
61	0	60	-1	-1	1	1
62	0	61	-1	-1	1	0
63	0	62	-1	-1	1	1
64	0	63	-1	-1	1	0
65	0	64	-1	-1	1	1
66	2	-1	54	77	1	0
67	2	66	77	76	1	1
68	2	67	76	75	1	0
69	2	68	75	74	1	1
70	2	69	74	73	1	0
71	2	70	73	72	1	1
72	1	71	83	-1	1	0
73	1	72	82	83	1	1
74	1	73	81	82	1	0
75	1	74	80	81	1	1
76	1	75	79	80	1	0
77	1	76	78	79	1	1
78	0	77	-1	-1	1	0
79	0	78	-1	-1	1	1
80	0	79	-1	-1	1	0
81	0	80	-1	-1	1	1
82	0	81	-1	-1	1	0
83	0	82	-1	-1	1	1
-256